"X(um)","Z(um)"
"0.000 ",""
"23.471 ",""
"46.941 ",""
"70.412 ",""
"93.882 ",""
"117.353 ",""
"140.823 ",""
"164.294 ",""
"187.764 ",""
"211.235 ",""
"234.706 ",""
"258.176 ",""
"281.647 ",""
"305.117 ",""
"328.588 ",""
"352.058 ",""
"375.529 ",""
"398.999 ",""
"422.470 ",""
"445.941 ",""
"469.411 ",""
"492.882 ",""
"516.352 ",""
"539.823 ",""
"563.293 ",""
"586.764 ",""
"610.234 ",""
"633.705 ",""
"657.176 ",""
"680.646 ",""
"704.117 ",""
"727.587 ",""
"751.058 ",""
"774.528 ",""
"797.999 ",""
"821.469 ",""
"844.940 ",""
"868.411 ",""
"891.881 ",""
"915.352 ",""
"938.822 ",""
"962.293 ",""
"985.763 ",""
"1009.234 ",""
"1032.705 ",""
"1056.175 ",""
"1079.646 ",""
"1103.116 ",""
"1126.587 ",""
"1150.057 ",""
"1173.528 ",""
"1196.998 ",""
"1220.469 ",""
"1243.940 ",""
"1267.410 ",""
"1290.881 ",""
"1314.351 ",""
"1337.822 ",""
"1361.292 ",""
"1384.763 ",""
"1408.233 ",""
"1431.704 ",""
"1455.175 ",""
"1478.645 ",""
"1502.116 ",""
"1525.586 ",""
"1549.057 ",""
"1572.527 ",""
"1595.998 ",""
"1619.468 ",""
"1642.939 ",""
"1666.410 ",""
"1689.880 ",""
"1713.351 ",""
"1736.821 ",""
"1760.292 ",""
"1783.762 ",""
"1807.233 ",""
"1830.703 ",""
"1854.174 ",""
"1877.645 ",""
"1901.115 ",""
"1924.586 ",""
"1948.056 ",""
"1971.527 ",""
"1994.997 ",""
"2018.468 ",""
"2041.938 ",""
"2065.409 ",""
"2088.880 ",""
"2112.350 ",""
"2135.821 ",""
"2159.291 ",""
"2182.762 ",""
"2206.232 ",""
"2229.703 ",""
"2253.173 ",""
"2276.644 ",""
"2300.115 ",""
"2323.585 ",""
"2347.056 ",""
"2370.526 ",""
"2393.997 ",""
"2417.467 ",""
"2440.938 ",""
"2464.408 ",""
"2487.879 ",""
"2511.350 ",""
"2534.820 ",""
"2558.291 ",""
"2581.761 ",""
"2605.232 ",""
"2628.702 ",""
"2652.173 ",""
"2675.643 ",""
"2699.114 ",""
"2722.585 ",""
"2746.055 ",""
"2769.526 ",""
"2792.996 ",""
"2816.467 ",""
"2839.937 ",""
"2863.408 ",""
"2886.879 ",""
"2910.349 ",""
"2933.820 ",""
"2957.290 ",""
"2980.761 ",""
"3004.231 ",""
"3027.702 ",""
"3051.172 ",""
"3074.643 ",""
"3098.114 ",""
"3121.584 ",""
"3145.055 ",""
"3168.525 ",""
"3191.996 ",""
"3215.466 ",""
"3238.937 ",""
"3262.407 ",""
"3285.878 ",""
"3309.349 ",""
"3332.819 ",""
"3356.290 ",""
"3379.760 ",""
"3403.231 ",""
"3426.701 ",""
"3450.172 ",""
"3473.642 ",""
"3497.113 ",""
"3520.584 ",""
"3544.054 ",""
"3567.525 ",""
"3590.995 ",""
"3614.466 ",""
"3637.936 ",""
"3661.407 ",""
"3684.877 ",""
"3708.348 ",""
"3731.819 ",""
"3755.289 ",""
"3778.760 ",""
"3802.230 ",""
"3825.701 ",""
"3849.171 ",""
"3872.642 ",""
"3896.112 ",""
"3919.583 ",""
"3943.054 ",""
"3966.524 ",""
"3989.995 ",""
"4013.465 ",""
"4036.936 ",""
"4060.406 ",""
"4083.877 ",""
"4107.347 ",""
"4130.818 ",""
"4154.289 ",""
"4177.759 ",""
"4201.230 ",""
"4224.700 ",""
"4248.171 ",""
"4271.641 ",""
"4295.112 ",""
"4318.582 ",""
"4342.053 ",""
"4365.524 ",""
"4388.994 ",""
"4412.465 ",""
"4435.935 ",""
"4459.406 ",""
"4482.876 ",""
"4506.347 ",""
"4529.817 ",""
"4553.288 ",""
"4576.759 ",""
"4600.229 ",""
"4623.700 ",""
"4647.170 ",""
"4670.641 ",""
"4694.111 ",""
"4717.582 ",""
"4741.053 ",""
"4764.523 ",""
"4787.994 ",""
"4811.464 ",""
"4834.935 ",""
"4858.405 ",""
"4881.876 ",""
"4905.346 ",""
"4928.817 ",""
"4952.288 ",""
"4975.758 ",""
"4999.229 ",""
"5022.699 ",""
"5046.170 ",""
"5069.640 ",""
"5093.111 ",""
"5116.581 ",""
"5140.052 ",""
"5163.523 ",""
"5186.993 ",""
"5210.464 ",""
"5233.934 ",""
"5257.405 ",""
"5280.875 ",""
"5304.346 ",""
"5327.816 ",""
"5351.287 ",""
"5374.758 ",""
"5398.228 ",""
"5421.699 ",""
"5445.169 ",""
"5468.640 ",""
"5492.110 ",""
"5515.581 ",""
"5539.051 ",""
"5562.522 ",""
"5585.993 ",""
"5609.463 ",""
"5632.934 ",""
"5656.404 ",""
"5679.875 ",""
"5703.345 ",""
"5726.816 ",""
"5750.286 ",""
"5773.757 ",""
"5797.228 ",""
"5820.698 ",""
"5844.169 ",""
"5867.639 ",""
"5891.110 ",""
"5914.580 ",""
"5938.051 ",""
"5961.521 ",""
"5984.992 ",""
"6008.463 ",""
"6031.933 ",""
"6055.404 ",""
"6078.874 ",""
"6102.345 ",""
"6125.815 ",""
"6149.286 ",""
"6172.756 ",""
"6196.227 ",""
"6219.698 ",""
"6243.168 ",""
"6266.639 ",""
"6290.109 ",""
"6313.580 ",""
"6337.050 ",""
"6360.521 ",""
"6383.992 ",""
"6407.462 ",""
"6430.933 ",""
"6454.403 ",""
"6477.874 ",""
"6501.344 ",""
"6524.815 ",""
"6548.285 ",""
"6571.756 ",""
"6595.227 ",""
"6618.697 ",""
"6642.168 ",""
"6665.638 ",""
"6689.109 ",""
"6712.579 ",""
"6736.050 ",""
"6759.520 ",""
"6782.991 ",""
"6806.462 ",""
"6829.932 ",""
"6853.403 ",""
"6876.873 ",""
"6900.344 ",""
"6923.814 ",""
"6947.285 ",""
"6970.755 ",""
"6994.226 ",""
"7017.697 ",""
"7041.167 ",""
"7064.638 ",""
"7088.108 ",""
"7111.579 ",""
"7135.049 ",""
"7158.520 ",""
"7181.990 ",""
"7205.461 ",""
"7228.932 ",""
"7252.402 ",""
"7275.873 ",""
"7299.343 ",""
"7322.814 ",""
"7346.284 ",""
"7369.755 ",""
"7393.225 ",""
"7416.696 ",""
"7440.167 ",""
"7463.637 ",""
"7487.108 ",""
"7510.578 ",""
"7534.049 ",""
"7557.519 ",""
"7580.990 ",""
"7604.460 ",""
"7627.931 ",""
"7651.402 ",""
"7674.872 ",""
"7698.343 ",""
"7721.813 ",""
"7745.284 ",""
"7768.754 ",""
"7792.225 ",""
"7815.695 ",""
"7839.166 ",""
"7862.637 ",""
"7886.107 ",""
"7909.578 ",""
"7933.048 ",""
"7956.519 ",""
"7979.989 ",""
"8003.460 ",""
"8026.930 ",""
"8050.401 ",""
"8073.872 ",""
"8097.342 ",""
"8120.813 ",""
"8144.283 ",""
"8167.754 ",""
"8191.224 ",""
"8214.695 ",""
"8238.166 ",""
"8261.636 ",""
"8285.107 ",""
"8308.577 ",""
"8332.048 ",""
"8355.518 ",""
"8378.989 ",""
"8402.459 ",""
"8425.930 ",""
"8449.401 ",""
"8472.871 ",""
"8496.342 ",""
"8519.812 ",""
"8543.283 ",""
"8566.753 ",""
"8590.224 ",""
"8613.694 ",""
"8637.165 ",""
"8660.636 ",""
"8684.106 ",""
"8707.577 ",""
"8731.047 ",""
"8754.518 ",""
"8777.988 ",""
"8801.459 ",""
"8824.929 ",""
"8848.400 ",""
"8871.871 ",""
"8895.341 ",""
"8918.812 ",""
"8942.282 ",""
"8965.753 ",""
"8989.223 ",""
"9012.694 ",""
"9036.164 ",""
"9059.635 ",""
"9083.106 ",""
"9106.576 ",""
"9130.047 ",""
"9153.517 ",""
"9176.988 ",""
"9200.458 ",""
"9223.929 ",""
"9247.399 ",""
"9270.870 ",""
"9294.341 ",""
"9317.811 ",""
"9341.282 ",""
"9364.752 ",""
"9388.223 ",""
"9411.693 ",""
"9435.164 ",""
"9458.634 ",""
"9482.105 ",""
"9505.576 ",""
"9529.046 ",""
"9552.517 ",""
"9575.987 ",""
"9599.458 ",""
"9622.928 ",""
"9646.399 ",""
"9669.869 ",""
"9693.340 ",""
"9716.811 ",""
"9740.281 ",""
"9763.752 ",""
"9787.222 ",""
"9810.693 ",""
"9834.163 ",""
"9857.634 ",""
"9881.104 ",""
"9904.575 ",""
"9928.046 ",""
"9951.516 ",""
"9974.987 ",""
"9998.457 ",""
"10021.928 ",""
"10045.398 ",""
"10068.869 ",""
"10092.340 ",""
"10115.810 ",""
"10139.281 ",""
"10162.751 ",""
"10186.222 ",""
"10209.692 ",""
"10233.163 ",""
"10256.633 ",""
"10280.104 ",""
"10303.575 ",""
"10327.045 ",""
"10350.516 ",""
"10373.986 ",""
"10397.457 ",""
"10420.927 ",""
"10444.398 ",""
"10467.868 ",""
"10491.339 ",""
"10514.810 ",""
"10538.280 ",""
"10561.751 ",""
"10585.221 ",""
"10608.692 ",""
"10632.162 ",""
"10655.633 ",""
"10679.103 ",""
"10702.574 ",""
"10726.045 ",""
"10749.515 ",""
"10772.986 ",""
"10796.456 ",""
"10819.927 ",""
"10843.397 ",""
"10866.868 ",""
"10890.338 ",""
"10913.809 ",""
"10937.280 ",""
"10960.750 ",""
"10984.221 ",""
"11007.691 ",""
"11031.162 ",""
"11054.632 ",""
"11078.103 ",""
"11101.573 ",""
"11125.044 ",""
"11148.515 ",""
"11171.985 ",""
"11195.456 ",""
"11218.926 ",""
"11242.397 ",""
"11265.867 ",""
"11289.338 ",""
"11312.808 ",""
"11336.279 ",""
"11359.750 ",""
"11383.220 ",""
"11406.691 ",""
"11430.161 ",""
"11453.632 ",""
"11477.102 ",""
"11500.573 ",""
"11524.043 ",""
"11547.514 ",""
"11570.985 ",""
"11594.455 ",""
"11617.926 ",""
"11641.396 ",""
"11664.867 ",""
"11688.337 ",""
"11711.808 ",""
"11735.278 ",""
"11758.749 ",""
"11782.220 ",""
"11805.690 ",""
"11829.161 ",""
"11852.631 ",""
"11876.102 ",""
"11899.572 ",""
"11923.043 ",""
"11946.514 ",""
"11969.984 ",""
"11993.455 ",""
"12016.925 ",""
"12040.396 ",""
"12063.866 ",""
"12087.337 ",""
"12110.807 ",""
"12134.278 ",""
"12157.749 ",""
"12181.219 ",""
"12204.690 ",""
"12228.160 ",""
"12251.631 ",""
"12275.101 ",""
"12298.572 ",""
"12322.042 ",""
"12345.513 ",""
"12368.984 ",""
"12392.454 ",""
"12415.925 ",""
"12439.395 ",""
"12462.866 ",""
"12486.336 ",""
"12509.807 ",""
"12533.277 ",""
"12556.748 ",""
"12580.219 ",""
"12603.689 ",""
"12627.160 ",""
"12650.630 ",""
"12674.101 ",""
"12697.571 ",""
"12721.042 ",""
"12744.512 ",""
"12767.983 ",""
"12791.454 ",""
"12814.924 ",""
"12838.395 ",""
"12861.865 ",""
"12885.336 ",""
"12908.806 ",""
"12932.277 ",""
"12955.747 ",""
"12979.218 ",""
"13002.689 ",""
"13026.159 ",""
"13049.630 ",""
"13073.100 ",""
"13096.571 ",""
"13120.041 ",""
"13143.512 ",""
"13166.982 ",""
"13190.453 ",""
"13213.924 ",""
"13237.394 ",""
"13260.865 ",""
"13284.335 ",""
"13307.806 ",""
"13331.276 ",""
"13354.747 ",""
"13378.217 ",""
"13401.688 ",""
"13425.159 ",""
"13448.629 ",""
"13472.100 ",""
"13495.570 ",""
"13519.041 ",""
"13542.511 ",""
"13565.982 ",""
"13589.452 ",""
"13612.923 ",""
"13636.394 ",""
"13659.864 ",""
"13683.335 ",""
"13706.805 ",""
"13730.276 ",""
"13753.746 ",""
"13777.217 ",""
"13800.688 ",""
"13824.158 ",""
"13847.629 ",""
"13871.099 ",""
"13894.570 ",""
"13918.040 ",""
"13941.511 ",""
"13964.981 ",""
"13988.452 ",""
"14011.923 ",""
"14035.393 ",""
"14058.864 ",""
"14082.334 ",""
"14105.805 ",""
"14129.275 ",""
"14152.746 ",""
"14176.216 ",""
"14199.687 ",""
"14223.158 ",""
"14246.628 ",""
"14270.099 ",""
"14293.569 ",""
"14317.040 ",""
"14340.510 ",""
"14363.981 ",""
"14387.451 ",""
"14410.922 ",""
"14434.393 ",""
"14457.863 ",""
"14481.334 ",""
"14504.804 ",""
"14528.275 ",""
"14551.745 ",""
"14575.216 ",""
"14598.686 ",""
"14622.157 ",""
"14645.628 ",""
"14669.098 ",""
"14692.569 ",""
"14716.039 ",""
"14739.510 ",""
"14762.980 ",""
"14786.451 ",""
"14809.921 ",""
"14833.392 ",""
"14856.863 ",""
"14880.333 ",""
"14903.804 ",""
"14927.274 ",""
"14950.745 ",""
"14974.215 ",""
"14997.686 ",""
"15021.156 ",""
"15044.627 ",""
"15068.098 ",""
"15091.568 ",""
"15115.039 ",""
"15138.509 ",""
"15161.980 ",""
"15185.450 ",""
"15208.921 ",""
"15232.391 ",""
"15255.862 ",""
"15279.333 ",""
"15302.803 ",""
"15326.274 ",""
"15349.744 ",""
"15373.215 ",""
"15396.685 ",""
"15420.156 ",""
"15443.627 ",""
"15467.097 ",""
"15490.568 ",""
"15514.038 ",""
"15537.509 ",""
"15560.979 ",""
"15584.450 ",""
"15607.920 ",""
"15631.391 ",""
"15654.862 ",""
"15678.332 ",""
"15701.803 ",""
"15725.273 ",""
"15748.744 ",""
"15772.214 ",""
"15795.685 ",""
"15819.155 ",""
"15842.626 ",""
"15866.097 ",""
"15889.567 ",""
"15913.038 ",""
"15936.508 ",""
"15959.979 ",""
"15983.449 ",""
"16006.920 ",""
"16030.390 ",""
"16053.861 ",""
"16077.332 ",""
"16100.802 ",""
"16124.273 ",""
"16147.743 ",""
"16171.214 ",""
"16194.684 ",""
"16218.155 ",""
"16241.625 ",""
"16265.096 ",""
"16288.567 ",""
"16312.037 ",""
"16335.508 ","5730.210 "
"16358.978 ","5777.488 "
"16382.449 ","5834.308 "
"16405.919 ","5902.447 "
"16429.390 ","5971.149 "
"16452.860 ","6026.420 "
"16476.331 ","6067.378 "
"16499.802 ","6101.606 "
"16523.272 ","6131.063 "
"16546.743 ","6161.822 "
"16570.213 ","6237.206 "
"16593.684 ","6327.513 "
"16617.154 ","6374.192 "
"16640.625 ","6391.646 "
"16664.095 ","6393.871 "
"16687.566 ","6394.292 "
"16711.037 ","6392.411 "
"16734.507 ","6389.676 "
"16757.978 ","6391.038 "
"16781.448 ","6398.572 "
"16804.919 ","6413.849 "
"16828.389 ","6436.722 "
"16851.860 ","6464.814 "
"16875.330 ","6493.846 "
"16898.801 ","6519.004 "
"16922.272 ","6538.218 "
"16945.742 ","6552.414 "
"16969.213 ","6562.715 "
"16992.683 ","6573.569 "
"17016.154 ","6588.304 "
"17039.624 ","6607.479 "
"17063.095 ","6630.811 "
"17086.565 ","6657.002 "
"17110.036 ","6684.754 "
"17133.507 ","6711.434 "
"17156.977 ","6734.414 "
"17180.448 ","6755.211 "
"17203.918 ","6779.235 "
"17227.389 ","6807.488 "
"17250.859 ","6837.331 "
"17274.330 ","6866.609 "
"17297.801 ","6893.970 "
"17321.271 ","6918.719 "
"17344.742 ","6939.486 "
"17368.212 ","6954.762 "
"17391.683 ","6967.571 "
"17415.153 ","6982.276 "
"17438.624 ","6999.054 "
"17462.094 ","7017.931 "
"17485.565 ","7039.593 "
"17509.036 ","7064.114 "
"17532.506 ","7091.067 "
"17555.977 ","7120.140 "
"17579.447 ","7150.911 "
"17602.918 ","7182.579 "
"17626.388 ","7214.837 "
"17649.859 ","7245.641 "
"17673.329 ","7272.508 "
"17696.800 ","7295.648 "
"17720.271 ","7315.131 "
"17743.741 ","7332.061 "
"17767.212 ","7350.398 "
"17790.682 ","7372.187 "
"17814.153 ","7396.974 "
"17837.623 ","7424.818 "
"17861.094 ","7454.604 "
"17884.564 ","7484.345 "
"17908.035 ","7512.288 "
"17931.506 ","7538.414 "
"17954.976 ","7564.252 "
"17978.447 ","7591.407 "
"18001.917 ","7619.589 "
"18025.388 ","7647.418 "
"18048.858 ","7673.582 "
"18072.329 ","7696.650 "
"18095.799 ","7716.208 "
"18119.270 ","7735.279 "
"18142.741 ","7758.031 "
"18166.211 ","7784.506 "
"18189.682 ","7812.093 "
"18213.152 ","7839.334 "
"18236.623 ","7865.040 "
"18260.093 ","7886.863 "
"18283.564 ","7902.867 "
"18307.034 ","7915.908 "
"18330.505 ","7931.818 "
"18353.976 ","7952.809 "
"18377.446 ","7977.461 "
"18400.917 ","8003.510 "
"18424.387 ","8029.327 "
"18447.858 ","8053.397 "
"18471.328 ","8073.126 "
"18494.799 ","8087.069 "
"18518.269 ","8097.356 "
"18541.740 ","8107.879 "
"18565.211 ","8122.099 "
"18588.681 ","8140.801 "
"18612.152 ","8162.347 "
"18635.622 ","8185.145 "
"18659.093 ","8207.796 "
"18682.563 ","8228.877 "
"18706.034 ","8247.176 "
"18729.504 ","8261.526 "
"18752.975 ","8273.443 "
"18776.446 ","8287.221 "
"18799.916 ","8305.644 "
"18823.387 ","8328.539 "
"18846.857 ","8353.787 "
"18870.328 ","8379.286 "
"18893.798 ","8403.870 "
"18917.269 ","8426.278 "
"18940.739 ","8444.835 "
"18964.210 ","8459.742 "
"18987.681 ","8472.737 "
"19011.151 ","8486.646 "
"19034.622 ","8505.046 "
"19058.092 ","8528.495 "
"19081.563 ","8555.006 "
"19105.033 ","8582.415 "
"19128.504 ","8608.773 "
"19151.975 ","8632.764 "
"19175.445 ","8652.569 "
"19198.916 ","8666.131 "
"19222.386 ","8674.850 "
"19245.857 ","8683.781 "
"19269.327 ","8697.544 "
"19292.798 ","8716.410 "
"19316.268 ","8739.366 "
"19339.739 ","8765.526 "
"19363.210 ","8792.532 "
"19386.680 ","8818.383 "
"19410.151 ","8840.639 "
"19433.621 ","8857.497 "
"19457.092 ","8871.544 "
"19480.562 ","8887.084 "
"19504.033 ","8906.414 "
"19527.503 ","8929.447 "
"19550.974 ","8954.508 "
"19574.445 ","8979.929 "
"19597.915 ","9004.360 "
"19621.386 ","9026.235 "
"19644.856 ","9043.888 "
"19668.327 ","9059.297 "
"19691.797 ","9077.049 "
"19715.268 ","9099.758 "
"19738.738 ","9126.449 "
"19762.209 ","9155.392 "
"19785.680 ","9184.796 "
"19809.150 ","9212.074 "
"19832.621 ","9236.086 "
"19856.091 ","9257.133 "
"19879.562 ","9277.930 "
"19903.032 ","9300.511 "
"19926.503 ","9323.843 "
"19949.973 ","9346.909 "
"19973.444 ","9368.640 "
"19996.915 ","9386.657 "
"20020.385 ","9399.344 "
"20043.856 ","9406.209 "
"20067.326 ","9409.811 "
"20090.797 ","9413.303 "
"20114.267 ","9417.015 "
"20137.738 ","9421.091 "
"20161.208 ","9425.876 "
"20184.679 ","9431.417 "
"20208.150 ","9437.306 "
"20231.620 ","9444.115 "
"20255.091 ","9454.378 "
"20278.561 ","9471.662 "
"20302.032 ","9495.419 "
"20325.502 ","9522.214 "
"20348.973 ","9550.052 "
"20372.443 ","9577.197 "
"20395.914 ","9601.412 "
"20419.385 ","9620.375 "
"20442.855 ","9632.805 "
"20466.326 ","9642.860 "
"20489.796 ","9656.087 "
"20513.267 ","9674.131 "
"20536.737 ","9696.222 "
"20560.208 ","9720.274 "
"20583.678 ","9744.253 "
"20607.149 ","9766.308 "
"20630.620 ","9785.079 "
"20654.090 ","9799.394 "
"20677.561 ","9809.018 "
"20701.031 ","9817.255 "
"20724.502 ","9829.309 "
"20747.972 ","9847.149 "
"20771.443 ","9870.215 "
"20794.913 ","9897.294 "
"20818.384 ","9926.510 "
"20841.855 ","9955.608 "
"20865.325 ","9981.744 "
"20888.796 ","10002.477 "
"20912.266 ","10018.129 "
"20935.737 ","10030.437 "
"20959.207 ","10040.608 "
"20982.678 ","10050.985 "
"21006.149 ","10066.299 "
"21029.619 ","10087.393 "
"21053.090 ","10111.331 "
"21076.560 ","10136.743 "
"21100.031 ","10162.382 "
"21123.501 ","10186.811 "
"21146.972 ","10208.160 "
"21170.442 ","10224.466 "
"21193.913 ","10238.700 "
"21217.384 ","10255.671 "
"21240.854 ","10275.950 "
"21264.325 ","10298.177 "
"21287.795 ","10320.778 "
"21311.266 ","10342.341 "
"21334.736 ","10392.187 "
"21358.207 ","10437.709 "
"21381.677 ","10461.097 "
"21405.148 ","10438.158 "
"21428.619 ","10400.319 "
"21452.089 ","10405.520 "
"21475.560 ","10426.177 "
"21499.030 ","10486.496 "
"21522.501 ","10532.114 "
"21545.971 ","10535.815 "
"21569.442 ","10541.427 "
"21592.912 ","10548.131 "
"21616.383 ","10555.595 "
"21639.854 ","10563.287 "
"21663.324 ","10570.523 "
"21686.795 ","10576.125 "
"21710.265 ","10579.928 "
"21733.736 ","10585.206 "
"21757.206 ","10596.457 "
"21780.677 ","10613.493 "
"21804.147 ","10635.736 "
"21827.618 ","10664.076 "
"21851.089 ","10694.865 "
"21874.559 ","10722.838 "
"21898.030 ","10744.951 "
"21921.500 ","10758.595 "
"21944.971 ","10765.611 "
"21968.441 ","10768.971 "
"21991.912 ","10769.488 "
"22015.382 ","10771.359 "
"22038.853 ","10778.302 "
"22062.324 ","10790.000 "
"22085.794 ","10805.364 "
"22109.265 ","10823.819 "
"22132.735 ","10844.639 "
"22156.206 ","10866.872 "
"22179.676 ","10888.835 "
"22203.147 ","10909.754 "
"22226.617 ","10928.734 "
"22250.088 ","10945.085 "
"22273.559 ","10959.249 "
"22297.029 ","10972.403 "
"22320.500 ","10986.982 "
"22343.970 ","11004.159 "
"22367.441 ","11022.768 "
"22390.911 ","11041.126 "
"22414.382 ","11057.946 "
"22437.852 ","11072.442 "
"22461.323 ","11084.104 "
"22484.794 ","11093.513 "
"22508.264 ","11102.435 "
"22531.735 ","11112.014 "
"22555.205 ","11123.625 "
"22578.676 ","11139.015 "
"22602.146 ","11157.057 "
"22625.617 ","11175.627 "
"22649.087 ","11193.819 "
"22672.558 ","11211.667 "
"22696.029 ","11229.369 "
"22719.499 ","11245.617 "
"22742.970 ","11258.856 "
"22766.440 ","11271.824 "
"22789.911 ","11287.330 "
"22813.381 ","11304.711 "
"22836.852 ","11323.770 "
"22860.323 ","11344.905 "
"22883.793 ","11368.437 "
"22907.264 ","11394.691 "
"22930.734 ","11421.961 "
"22954.205 ","11448.389 "
"22977.675 ","11474.070 "
"23001.146 ","11497.991 "
"23024.616 ","11518.890 "
"23048.087 ","11536.487 "
"23071.558 ","11550.493 "
"23095.028 ","11561.531 "
"23118.499 ","11570.914 "
"23141.969 ","11579.120 "
"23165.440 ","11586.660 "
"23188.910 ","11593.910 "
"23212.381 ","11601.054 "
"23235.851 ","11609.673 "
"23259.322 ","11622.523 "
"23282.793 ","11640.218 "
"23306.263 ","11661.127 "
"23329.734 ","11683.285 "
"23353.204 ","11704.909 "
"23376.675 ","11724.730 "
"23400.145 ","11741.555 "
"23423.616 ","11753.940 "
"23447.086 ","11762.603 "
"23470.557 ","11770.108 "
"23494.028 ","11777.609 "
"23517.498 ","11785.521 "
"23540.969 ","11794.029 "
"23564.439 ","11803.278 "
"23587.910 ","11814.377 "
"23611.380 ","11828.015 "
"23634.851 ","11843.752 "
"23658.321 ","11860.745 "
"23681.792 ","11878.052 "
"23705.263 ","11894.779 "
"23728.733 ","11909.956 "
"23752.204 ","11922.175 "
"23775.674 ","11931.114 "
"23799.145 ","11938.153 "
"23822.615 ","11944.959 "
"23846.086 ","11954.045 "
"23869.556 ","11967.620 "
"23893.027 ","11986.131 "
"23916.498 ","12008.582 "
"23939.968 ","12033.284 "
"23963.439 ","12058.336 "
"23986.909 ","12082.095 "
"24010.380 ","12102.382 "
"24033.850 ","12117.809 "
"24057.321 ","12128.888 "
"24080.791 ","12137.186 "
"24104.262 ","12144.557 "
"24127.733 ","12151.822 "
"24151.203 ","12159.205 "
"24174.674 ","12166.526 "
"24198.144 ","12173.663 "
"24221.615 ","12180.467 "
"24245.085 ","12186.540 "
"24268.556 ","12191.413 "
"24292.026 ","12196.040 "
"24315.497 ","12202.377 "
"24338.968 ","12212.192 "
"24362.438 ","12226.338 "
"24385.909 ","12243.900 "
"24409.379 ","12263.312 "
"24432.850 ","12282.933 "
"24456.320 ","12301.174 "
"24479.791 ","12316.958 "
"24503.262 ","12329.647 "
"24526.732 ","12339.375 "
"24550.203 ","12347.287 "
"24573.673 ","12354.184 "
"24597.144 ","12360.644 "
"24620.614 ","12366.819 "
"24644.085 ","12372.510 "
"24667.555 ","12378.109 "
"24691.026 ","12383.957 "
"24714.497 ","12390.857 "
"24737.967 ","12401.088 "
"24761.438 ","12416.300 "
"24784.908 ","12436.195 "
"24808.379 ","12459.458 "
"24831.849 ","12484.259 "
"24855.320 ","12508.825 "
"24878.790 ","12530.937 "
"24902.261 ","12548.397 "
"24925.732 ","12561.284 "
"24949.202 ","12571.408 "
"24972.673 ","12580.565 "
"24996.143 ","12589.489 "
"25019.614 ","12598.283 "
"25043.084 ","12607.197 "
"25066.555 ","12616.159 "
"25090.025 ","12625.193 "
"25113.496 ","12634.865 "
"25136.967 ","12646.281 "
"25160.437 ","12661.384 "
"25183.908 ","12681.232 "
"25207.378 ","12704.339 "
"25230.849 ","12728.649 "
"25254.319 ","12752.698 "
"25277.790 ","12775.170 "
"25301.260 ","12794.416 "
"25324.731 ","12808.789 "
"25348.202 ","12818.184 "
"25371.672 ","12824.699 "
"25395.143 ","12829.982 "
"25418.613 ","12833.971 "
"25442.084 ","12836.913 "
"25465.554 ","12839.398 "
"25489.025 ","12841.827 "
"25512.495 ","12844.502 "
"25535.966 ","12847.579 "
"25559.437 ","12851.299 "
"25582.907 ","12856.583 "
"25606.378 ","12864.554 "
"25629.848 ","12876.217 "
"25653.319 ","12891.639 "
"25676.789 ","12909.386 "
"25700.260 ","12928.096 "
"25723.730 ","12946.917 "
"25747.201 ","12964.917 "
"25770.672 ","12981.483 "
"25794.142 ","12996.731 "
"25817.613 ","13011.906 "
"25841.083 ","13028.244 "
"25864.554 ","13045.637 "
"25888.024 ","13063.070 "
"25911.495 ","13079.448 "
"25934.965 ","13094.180 "
"25958.436 ","13106.525 "
"25981.907 ","13116.154 "
"26005.377 ","13123.499 "
"26028.848 ","13129.116 "
"26052.318 ","13133.710 "
"26075.789 ","13137.980 "
"26099.259 ","13142.423 "
"26122.730 ","13147.086 "
"26146.200 ","13151.658 "
"26169.671 ","13155.798 "
"26193.142 ","13159.119 "
"26216.612 ","13161.293 "
"26240.083 ","13162.294 "
"26263.553 ","13162.332 "
"26287.024 ","13161.859 "
"26310.494 ","13161.256 "
"26333.965 ","13160.788 "
"26357.436 ","13160.590 "
"26380.906 ","13160.454 "
"26404.377 ","13159.899 "
"26427.847 ","13158.647 "
"26451.318 ","13156.887 "
"26474.788 ","13154.788 "
"26498.259 ","13152.346 "
"26521.729 ","13149.646 "
"26545.200 ","13146.645 "
"26568.671 ","13143.080 "
"26592.141 ","13138.608 "
"26615.612 ","13133.010 "
"26639.082 ","13126.642 "
"26662.553 ","13120.142 "
"26686.023 ","13114.113 "
"26709.494 ","13108.833 "
"26732.964 ","13104.959 "
"26756.435 ","13102.669 "
"26779.906 ","13101.325 "
"26803.376 ","13102.703 "
"26826.847 ","13104.274 "
"26850.317 ","13107.030 "
"26873.788 ","13126.808 "
"26897.258 ","13173.214 "
"26920.729 ","13245.982 "
"26944.199 ","13350.181 "
"26967.670 ","13464.634 "
"26991.141 ","13555.147 "
"27014.611 ","13591.811 "
"27038.082 ","13590.861 "
"27061.552 ","13589.322 "
"27085.023 ","13588.155 "
"27108.493 ","13588.097 "
"27131.964 ","13593.907 "
"27155.434 ","13608.161 "
"27178.905 ","13629.088 "
"27202.376 ","13655.880 "
"27225.846 ","13685.809 "
"27249.317 ","13715.631 "
"27272.787 ","13742.164 "
"27296.258 ","13761.825 "
"27319.728 ","13775.087 "
"27343.199 ","13784.189 "
"27366.669 ","13789.711 "
"27390.140 ","13793.577 "
"27413.611 ","13797.602 "
"27437.081 ","13802.722 "
"27460.552 ","13808.973 "
"27484.022 ","13816.196 "
"27507.493 ","13824.586 "
"27530.963 ","13835.586 "
"27554.434 ","13850.532 "
"27577.904 ","13868.493 "
"27601.375 ","13888.038 "
"27624.846 ","13908.337 "
"27648.316 ","13928.236 "
"27671.787 ","13946.205 "
"27695.257 ","13960.220 "
"27718.728 ","13969.414 "
"27742.198 ","13975.466 "
"27765.669 ","13980.252 "
"27789.139 ","13984.498 "
"27812.610 ","13988.289 "
"27836.081 ","13991.620 "
"27859.551 ","13994.677 "
"27883.022 ","13997.320 "
"27906.492 ","13999.490 "
"27929.963 ","14001.179 "
"27953.433 ","14002.332 "
"27976.904 ","14003.286 "
"28000.374 ","14004.383 "
"28023.845 ","14005.706 "
"28047.316 ","14007.341 "
"28070.786 ","14009.379 "
"28094.257 ","14012.269 "
"28117.727 ","14016.669 "
"28141.198 ","14023.240 "
"28164.668 ","14032.339 "
"28188.139 ","14043.969 "
"28211.610 ","14057.820 "
"28235.080 ","14073.088 "
"28258.551 ","14088.457 "
"28282.021 ","14102.674 "
"28305.492 ","14114.949 "
"28328.962 ","14125.019 "
"28352.433 ","14132.845 "
"28375.903 ","14138.619 "
"28399.374 ","14142.925 "
"28422.845 ","14146.468 "
"28446.315 ","14149.579 "
"28469.786 ","14152.216 "
"28493.256 ","14154.886 "
"28516.727 ","14157.936 "
"28540.197 ","14162.167 "
"28563.668 ","14169.253 "
"28587.138 ","14180.719 "
"28610.609 ","14197.349 "
"28634.080 ","14218.353 "
"28657.550 ","14241.779 "
"28681.021 ","14266.044 "
"28704.491 ","14289.176 "
"28727.962 ","14309.027 "
"28751.432 ","14324.473 "
"28774.903 ","14335.678 "
"28798.373 ","14344.091 "
"28821.844 ","14351.088 "
"28845.315 ","14356.904 "
"28868.785 ","14361.622 "
"28892.256 ","14365.441 "
"28915.726 ","14368.384 "
"28939.197 ","14370.474 "
"28962.667 ","14371.803 "
"28986.138 ","14372.482 "
"29009.608 ","14372.826 "
"29033.079 ","14373.217 "
"29056.550 ","14373.872 "
"29080.020 ","14375.029 "
"29103.491 ","14376.918 "
"29126.961 ","14379.711 "
"29150.432 ","14383.435 "
"29173.902 ","14389.313 "
"29197.373 ","14397.830 "
"29220.843 ","14409.046 "
"29244.314 ","14423.553 "
"29267.785 ","14440.458 "
"29291.255 ","14458.610 "
"29314.726 ","14476.921 "
"29338.196 ","14493.697 "
"29361.667 ","14508.352 "
"29385.137 ","14520.475 "
"29408.608 ","14529.487 "
"29432.078 ","14536.142 "
"29455.549 ","14540.882 "
"29479.020 ","14543.993 "
"29502.490 ","14545.784 "
"29525.961 ","14546.570 "
"29549.431 ","14546.860 "
"29572.902 ","14546.889 "
"29596.372 ","14546.862 "
"29619.843 ","14546.906 "
"29643.313 ","14547.120 "
"29666.784 ","14547.475 "
"29690.255 ","14547.922 "
"29713.725 ","14548.556 "
"29737.196 ","14549.500 "
"29760.666 ","14550.889 "
"29784.137 ","14552.924 "
"29807.607 ","14556.399 "
"29831.078 ","14561.956 "
"29854.548 ","14570.502 "
"29878.019 ","14582.230 "
"29901.490 ","14597.183 "
"29924.960 ","14615.055 "
"29948.431 ","14634.071 "
"29971.901 ","14653.260 "
"29995.372 ","14671.763 "
"30018.842 ","14688.082 "
"30042.313 ","14702.058 "
"30065.784 ","14713.469 "
"30089.254 ","14722.288 "
"30112.725 ","14729.480 "
"30136.195 ","14734.764 "
"30159.666 ","14738.335 "
"30183.136 ","14740.900 "
"30206.607 ","14742.696 "
"30230.077 ","14744.030 "
"30253.548 ","14745.202 "
"30277.019 ","14746.522 "
"30300.489 ","14748.296 "
"30323.960 ","14750.658 "
"30347.430 ","14753.607 "
"30370.901 ","14757.097 "
"30394.371 ","14761.078 "
"30417.842 ","14765.654 "
"30441.312 ","14771.528 "
"30464.783 ","14779.950 "
"30488.254 ","14792.005 "
"30511.724 ","14807.571 "
"30535.195 ","14825.328 "
"30558.665 ","14844.053 "
"30582.136 ","14862.549 "
"30605.606 ","14879.335 "
"30629.077 ","14893.204 "
"30652.547 ","14903.774 "
"30676.018 ","14911.764 "
"30699.489 ","14918.196 "
"30722.959 ","14923.400 "
"30746.430 ","14927.514 "
"30769.900 ","14930.904 "
"30793.371 ","14933.797 "
"30816.841 ","14936.369 "
"30840.312 ","14938.742 "
"30863.782 ","14940.956 "
"30887.253 ","14942.977 "
"30910.724 ","14944.774 "
"30934.194 ","14946.225 "
"30957.665 ","14947.193 "
"30981.135 ","14947.666 "
"31004.606 ","14947.708 "
"31028.076 ","14947.482 "
"31051.547 ","14947.019 "
"31075.017 ","14946.081 "
"31098.488 ","14944.502 "
"31121.959 ","14942.090 "
"31145.429 ","14938.578 "
"31168.900 ","14933.277 "
"31192.370 ","14924.380 "
"31215.841 ","14908.894 "
"31239.311 ","14887.087 "
"31262.782 ","14861.719 "
"31286.252 ","14834.330 "
"31309.723 ","14806.691 "
"31333.194 ","14781.394 "
"31356.664 ","14761.469 "
"31380.135 ","14748.951 "
"31403.605 ","14741.889 "
"31427.076 ","14737.740 "
"31450.546 ","14735.969 "
"31474.017 ","14735.815 "
"31497.487 ","14736.527 "
"31520.958 ","14743.340 "
"31544.429 ","14772.320 "
"31567.899 ","14841.904 "
"31591.370 ","14927.620 "
"31614.840 ","14990.494 "
"31638.311 ","15031.479 "
"31661.781 ","15047.728 "
"31685.252 ","15054.059 "
"31708.722 ","15067.831 "
"31732.193 ","15080.930 "
"31755.664 ","15096.387 "
"31779.134 ","15112.496 "
"31802.605 ","15125.105 "
"31826.075 ","15134.695 "
"31849.546 ","15141.838 "
"31873.016 ","15149.665 "
"31896.487 ","15161.023 "
"31919.958 ","15175.697 "
"31943.428 ","15193.076 "
"31966.899 ","15212.099 "
"31990.369 ","15231.092 "
"32013.840 ","15247.929 "
"32037.310 ","15261.871 "
"32060.781 ","15273.278 "
"32084.251 ","15282.487 "
"32107.722 ","15290.098 "
"32131.193 ","15296.789 "
"32154.663 ","15302.941 "
"32178.134 ","15308.276 "
"32201.604 ","15312.708 "
"32225.075 ","15316.444 "
"32248.545 ","15319.608 "
"32272.016 ","15322.266 "
"32295.486 ","15324.393 "
"32318.957 ","15326.397 "
"32342.428 ","15328.749 "
"32365.898 ","15331.351 "
"32389.369 ","15334.178 "
"32412.839 ","15337.187 "
"32436.310 ","15340.120 "
"32459.780 ","15342.800 "
"32483.251 ","15344.929 "
"32506.721 ","15346.277 "
"32530.192 ","15346.744 "
"32553.663 ","15346.286 "
"32577.133 ","15345.195 "
"32600.604 ","15343.962 "
"32624.074 ","15342.972 "
"32647.545 ","15342.681 "
"32671.015 ","15343.670 "
"32694.486 ","15346.230 "
"32717.956 ","15350.971 "
"32741.427 ","15358.495 "
"32764.898 ","15369.091 "
"32788.368 ","15382.725 "
"32811.839 ","15399.195 "
"32835.309 ","15417.396 "
"32858.780 ","15435.707 "
"32882.250 ","15452.903 "
"32905.721 ","15468.112 "
"32929.191 ","15480.982 "
"32952.662 ","15491.504 "
"32976.133 ","15499.729 "
"32999.603 ","15506.216 "
"33023.074 ","15511.477 "
"33046.544 ","15515.522 "
"33070.015 ","15518.471 "
"33093.485 ","15520.399 "
"33116.956 ","15521.565 "
"33140.426 ","15522.071 "
"33163.897 ","15522.165 "
"33187.368 ","15522.054 "
"33210.838 ","15521.868 "
"33234.309 ","15521.663 "
"33257.779 ","15521.403 "
"33281.250 ","15521.020 "
"33304.720 ","15520.449 "
"33328.191 ","15519.719 "
"33351.661 ","15518.856 "
"33375.132 ","15517.904 "
"33398.603 ","15517.058 "
"33422.073 ","15516.437 "
"33445.544 ","15516.058 "
"33469.014 ","15515.967 "
"33492.485 ","15516.111 "
"33515.955 ","15516.412 "
"33539.426 ","15516.916 "
"33562.897 ","15517.861 "
"33586.367 ","15519.487 "
"33609.838 ","15522.408 "
"33633.308 ","15526.932 "
"33656.779 ","15532.718 "
"33680.249 ","15539.886 "
"33703.720 ","15548.748 "
"33727.190 ","15558.898 "
"33750.661 ","15571.087 "
"33774.132 ","15585.145 "
"33797.602 ","15599.875 "
"33821.073 ","15616.413 "
"33844.543 ","15634.253 "
"33868.014 ","15652.299 "
"33891.484 ","15670.259 "
"33914.955 ","15686.292 "
"33938.425 ","15700.237 "
"33961.896 ","15712.737 "
"33985.367 ","15722.501 "
"34008.837 ","15729.888 "
"34032.308 ","15735.208 "
"34055.778 ","15738.815 "
"34079.249 ","15741.806 "
"34102.719 ","15744.248 "
"34126.190 ","15746.201 "
"34149.660 ","15747.618 "
"34173.131 ","15748.497 "
"34196.602 ","15748.964 "
"34220.072 ","15749.064 "
"34243.543 ","15748.862 "
"34267.013 ","15748.482 "
"34290.484 ","15748.095 "
"34313.954 ","15747.789 "
"34337.425 ","15747.486 "
"34360.895 ","15747.181 "
"34384.366 ","15746.875 "
"34407.837 ","15746.506 "
"34431.307 ","15746.038 "
"34454.778 ","15745.558 "
"34478.248 ","15745.189 "
"34501.719 ","15745.099 "
"34525.189 ","15745.414 "
"34548.660 ","15746.079 "
"34572.130 ","15746.989 "
"34595.601 ","15748.065 "
"34619.072 ","15749.172 "
"34642.542 ","15750.176 "
"34666.013 ","15751.030 "
"34689.483 ","15751.793 "
"34712.954 ","15752.596 "
"34736.424 ","15753.673 "
"34759.895 ","15755.175 "
"34783.365 ","15757.116 "
"34806.836 ","15759.594 "
"34830.307 ","15762.622 "
"34853.777 ","15766.159 "
"34877.248 ","15770.437 "
"34900.718 ","15776.097 "
"34924.189 ","15783.468 "
"34947.659 ","15793.358 "
"34971.130 ","15806.027 "
"34994.600 ","15821.217 "
"35018.071 ","15838.745 "
"35041.542 ","15857.711 "
"35065.012 ","15876.776 "
"35088.483 ","15894.782 "
"35111.953 ","15910.441 "
"35135.424 ","15923.132 "
"35158.894 ","15933.122 "
"35182.365 ","15940.504 "
"35205.835 ","15945.713 "
"35229.306 ","15949.493 "
"35252.777 ","15952.640 "
"35276.247 ","15955.330 "
"35299.718 ","15957.550 "
"35323.188 ","15959.456 "
"35346.659 ","15961.019 "
"35370.129 ","15962.288 "
"35393.600 ","15963.304 "
"35417.071 ","15964.080 "
"35440.541 ","15964.535 "
"35464.012 ","15964.705 "
"35487.482 ","15964.717 "
"35510.953 ","15964.538 "
"35534.423 ","15964.164 "
"35557.894 ","15963.635 "
"35581.364 ","15963.015 "
"35604.835 ","15962.322 "
"35628.306 ","15961.480 "
"35651.776 ","15960.483 "
"35675.247 ","15959.468 "
"35698.717 ","15958.556 "
"35722.188 ","15957.849 "
"35745.658 ","15957.309 "
"35769.129 ","15957.099 "
"35792.599 ","15957.501 "
"35816.070 ","15958.726 "
"35839.541 ","15961.639 "
"35863.011 ","15966.779 "
"35886.482 ","15973.347 "
"35909.952 ","15980.010 "
"35933.423 ","15984.856 "
"35956.893 ","15987.042 "
"35980.364 ","15986.862 "
"36003.834 ","15984.675 "
"36027.305 ","15982.499 "
"36050.776 ","15982.568 "
"36074.246 ","15986.434 "
"36097.717 ","15995.138 "
"36121.187 ","16007.078 "
"36144.658 ","16019.810 "
"36168.128 ","16031.932 "
"36191.599 ","16041.990 "
"36215.069 ","16049.616 "
"36238.540 ","16054.879 "
"36262.011 ","16057.765 "
"36285.481 ","16058.466 "
"36308.952 ","16056.279 "
"36332.422 ","16050.112 "
"36355.893 ","16040.193 "
"36379.363 ","16028.122 "
"36402.834 ","16015.514 "
"36426.304 ","16003.758 "
"36449.775 ","15994.235 "
"36473.246 ","15988.072 "
"36496.716 ","15985.121 "
"36520.187 ","15983.922 "
"36543.657 ","15982.942 "
"36567.128 ","15981.565 "
"36590.598 ","15979.736 "
"36614.069 ","15976.991 "
"36637.539 ","15972.708 "
"36661.010 ","15966.010 "
"36684.481 ","15955.453 "
"36707.951 ","15940.773 "
"36731.422 ","15923.396 "
"36754.892 ","15905.148 "
"36778.363 ","15888.212 "
"36801.833 ","15874.461 "
"36825.304 ","15864.986 "
"36848.774 ","15860.043 "
"36872.245 ","15858.312 "
"36895.716 ","15858.185 "
"36919.186 ","15861.122 "
"36942.657 ","15870.748 "
"36966.127 ","15892.081 "
"36989.598 ","15920.057 "
"37013.068 ","15939.999 "
"37036.539 ","15952.339 "
"37060.009 ","15958.202 "
"37083.480 ","15959.382 "
"37106.951 ","15962.607 "
"37130.421 ","15966.396 "
"37153.892 ","15971.537 "
"37177.362 ","15978.453 "
"37200.833 ","15988.616 "
"37224.303 ","16004.169 "
"37247.774 ","16024.699 "
"37271.245 ","16048.825 "
"37294.715 ","16075.207 "
"37318.186 ","16102.469 "
"37341.656 ","16128.827 "
"37365.127 ","16151.740 "
"37388.597 ","16169.692 "
"37412.068 ","16183.955 "
"37435.538 ","16196.265 "
"37459.009 ","16207.234 "
"37482.480 ","16216.753 "
"37505.950 ","16224.903 "
"37529.421 ","16232.018 "
"37552.891 ","16238.286 "
"37576.362 ","16243.638 "
"37599.832 ","16247.720 "
"37623.303 ","16250.393 "
"37646.773 ","16252.084 "
"37670.244 ","16253.254 "
"37693.715 ","16254.115 "
"37717.185 ","16254.861 "
"37740.656 ","16255.732 "
"37764.126 ","16256.830 "
"37787.597 ","16258.128 "
"37811.067 ","16259.467 "
"37834.538 ","16260.742 "
"37858.008 ","16262.064 "
"37881.479 ","16263.605 "
"37904.950 ","16265.456 "
"37928.420 ","16267.670 "
"37951.891 ","16270.305 "
"37975.361 ","16273.294 "
"37998.832 ","16276.471 "
"38022.302 ","16279.723 "
"38045.773 ","16282.958 "
"38069.243 ","16286.130 "
"38092.714 ","16288.992 "
"38116.185 ","16291.242 "
"38139.655 ","16292.816 "
"38163.126 ","16293.734 "
"38186.596 ","16294.186 "
"38210.067 ","16294.402 "
"38233.537 ","16294.778 "
"38257.008 ","16295.765 "
"38280.478 ","16297.436 "
"38303.949 ","16299.480 "
"38327.420 ","16301.608 "
"38350.890 ","16303.644 "
"38374.361 ","16305.554 "
"38397.831 ","16307.606 "
"38421.302 ","16310.038 "
"38444.772 ","16312.925 "
"38468.243 ","16316.195 "
"38491.713 ","16319.630 "
"38515.184 ","16322.999 "
"38538.655 ","16326.114 "
"38562.125 ","16328.831 "
"38585.596 ","16331.290 "
"38609.066 ","16333.621 "
"38632.537 ","16335.605 "
"38656.007 ","16337.146 "
"38679.478 ","16338.103 "
"38702.948 ","16338.335 "
"38726.419 ","16337.955 "
"38749.890 ","16337.019 "
"38773.360 ","16335.727 "
"38796.831 ","16334.379 "
"38820.301 ","16333.074 "
"38843.772 ","16331.779 "
"38867.242 ","16330.808 "
"38890.713 ","16330.309 "
"38914.183 ","16330.611 "
"38937.654 ","16331.785 "
"38961.125 ","16333.239 "
"38984.595 ","16334.788 "
"39008.066 ","16336.161 "
"39031.536 ","16336.932 "
"39055.007 ","16336.812 "
"39078.477 ","16335.700 "
"39101.948 ","16334.036 "
"39125.419 ","16332.599 "
"39148.889 ","16331.847 "
"39172.360 ","16332.034 "
"39195.830 ","16333.268 "
"39219.301 ","16335.574 "
"39242.771 ","16338.717 "
"39266.242 ","16342.416 "
"39289.712 ","16346.297 "
"39313.183 ","16349.844 "
"39336.654 ","16352.993 "
"39360.124 ","16356.028 "
"39383.595 ","16358.861 "
"39407.065 ","16361.486 "
"39430.536 ","16363.643 "
"39454.006 ","16365.053 "
"39477.477 ","16365.510 "
"39500.947 ","16364.447 "
"39524.418 ","16361.524 "
"39547.889 ","16357.142 "
"39571.359 ","16351.693 "
"39594.830 ","16345.505 "
"39618.300 ","16338.592 "
"39641.771 ","16330.187 "
"39665.241 ","16317.467 "
"39688.712 ","16295.213 "
"39712.182 ","16259.238 "
"39735.653 ","16206.394 "
"39759.124 ","16136.699 "
"39782.594 ","16058.277 "
"39806.065 ","15981.285 "
"39829.535 ","15914.172 "
"39853.006 ","15863.950 "
"39876.476 ","15832.530 "
"39899.947 ","15819.168 "
"39923.417 ","15819.901 "
"39946.888 ","15826.284 "
"39970.359 ","15832.941 "
"39993.829 ","15838.703 "
"40017.300 ","15843.273 "
"40040.770 ","15846.709 "
"40064.241 ","15849.387 "
"40087.711 ","15853.751 "
"40111.182 ","15864.067 "
"40134.652 ","15880.652 "
"40158.123 ","15901.004 "
"40181.594 ","15924.279 "
"40205.064 ","15949.404 "
"40228.535 ","15973.623 "
"40252.005 ","15994.268 "
"40275.476 ","16009.723 "
"40298.946 ","16022.925 "
"40322.417 ","16036.481 "
"40345.887 ","16049.475 "
"40369.358 ","16060.798 "
"40392.829 ","16070.703 "
"40416.299 ","16080.903 "
"40439.770 ","16094.194 "
"40463.240 ","16111.340 "
"40486.711 ","16130.685 "
"40510.181 ","16152.651 "
"40533.652 ","16176.843 "
"40557.122 ","16199.905 "
"40580.593 ","16218.784 "
"40604.064 ","16231.052 "
"40627.534 ","16237.678 "
"40651.005 ","16242.070 "
"40674.475 ","16244.410 "
"40697.946 ","16245.572 "
"40721.416 ","16247.456 "
"40744.887 ","16249.942 "
"40768.357 ","16252.614 "
"40791.828 ","16255.252 "
"40815.299 ","16257.632 "
"40838.769 ","16259.682 "
"40862.240 ","16261.507 "
"40885.710 ","16263.140 "
"40909.181 ","16264.498 "
"40932.651 ","16265.206 "
"40956.122 ","16265.060 "
"40979.593 ","16263.999 "
"41003.063 ","16262.288 "
"41026.534 ","16260.342 "
"41050.004 ","16258.127 "
"41073.475 ","16255.750 "
"41096.945 ","16253.613 "
"41120.416 ","16251.876 "
"41143.886 ","16250.271 "
"41167.357 ","16248.771 "
"41190.828 ","16247.642 "
"41214.298 ","16247.072 "
"41237.769 ","16247.051 "
"41261.239 ","16247.302 "
"41284.710 ","16247.623 "
"41308.180 ","16248.180 "
"41331.651 ","16249.041 "
"41355.121 ","16250.311 "
"41378.592 ","16251.941 "
"41402.063 ","16253.822 "
"41425.533 ","16255.940 "
"41449.004 ","16258.176 "
"41472.474 ","16260.573 "
"41495.945 ","16263.062 "
"41519.415 ","16265.155 "
"41542.886 ","16266.745 "
"41566.356 ","16268.043 "
"41589.827 ","16268.634 "
"41613.298 ","16268.344 "
"41636.768 ","16267.218 "
"41660.239 ","16265.446 "
"41683.709 ","16263.256 "
"41707.180 ","16260.546 "
"41730.650 ","16256.711 "
"41754.121 ","16251.766 "
"41777.591 ","16245.966 "
"41801.062 ","16239.215 "
"41824.533 ","16231.478 "
"41848.003 ","16222.609 "
"41871.474 ","16212.139 "
"41894.944 ","16197.195 "
"41918.415 ","16176.067 "
"41941.885 ","16151.066 "
"41965.356 ","16124.748 "
"41988.826 ","16099.411 "
"42012.297 ","16077.227 "
"42035.768 ","16059.496 "
"42059.238 ","16048.072 "
"42082.709 ","16041.502 "
"42106.179 ","16035.475 "
"42129.650 ","16025.400 "
"42153.120 ","16009.239 "
"42176.591 ","15989.062 "
"42200.061 ","15967.141 "
"42223.532 ","15945.433 "
"42247.003 ","15924.731 "
"42270.473 ","15905.883 "
"42293.944 ","15891.463 "
"42317.414 ","15881.195 "
"42340.885 ","15872.233 "
"42364.355 ","15863.758 "
"42387.826 ","15856.879 "
"42411.296 ","15854.283 "
"42434.767 ","15856.971 "
"42458.238 ","15866.196 "
"42481.708 ","15881.293 "
"42505.179 ","15900.321 "
"42528.649 ","15922.646 "
"42552.120 ","15945.595 "
"42575.590 ","15966.346 "
"42599.061 ","15983.770 "
"42622.532 ","15996.648 "
"42646.002 ","16005.610 "
"42669.473 ","16012.127 "
"42692.943 ","16016.222 "
"42716.414 ","16018.693 "
"42739.884 ","16020.075 "
"42763.355 ","16020.649 "
"42786.825 ","16020.498 "
"42810.296 ","16019.746 "
"42833.767 ","16018.518 "
"42857.237 ","16017.112 "
"42880.708 ","16015.941 "
"42904.178 ","16015.234 "
"42927.649 ","16014.880 "
"42951.119 ","16014.904 "
"42974.590 ","16015.386 "
"42998.060 ","16016.303 "
"43021.531 ","16017.575 "
"43045.002 ","16019.013 "
"43068.472 ","16020.541 "
"43091.943 ","16021.968 "
"43115.413 ","16023.212 "
"43138.884 ","16024.356 "
"43162.354 ","16025.351 "
"43185.825 ","16026.167 "
"43209.295 ","16026.883 "
"43232.766 ","16027.553 "
"43256.237 ","16028.159 "
"43279.707 ","16028.710 "
"43303.178 ","16029.258 "
"43326.648 ","16030.030 "
"43350.119 ","16030.987 "
"43373.589 ","16031.890 "
"43397.060 ","16032.848 "
"43420.530 ","16033.763 "
"43444.001 ","16034.401 "
"43467.472 ","16034.582 "
"43490.942 ","16034.165 "
"43514.413 ","16033.350 "
"43537.883 ","16032.279 "
"43561.354 ","16030.933 "
"43584.824 ","16029.300 "
"43608.295 ","16027.468 "
"43631.765 ","16025.640 "
"43655.236 ","16023.822 "
"43678.707 ","16022.128 "
"43702.177 ","16020.839 "
"43725.648 ","16020.256 "
"43749.118 ","16020.621 "
"43772.589 ","16021.884 "
"43796.059 ","16023.757 "
"43819.530 ","16025.994 "
"43843.000 ","16028.156 "
"43866.471 ","16029.794 "
"43889.942 ","16030.886 "
"43913.412 ","16031.366 "
"43936.883 ","16031.325 "
"43960.353 ","16031.004 "
"43983.824 ","16030.355 "
"44007.294 ","16029.432 "
"44030.765 ","16028.333 "
"44054.235 ","16027.060 "
"44077.706 ","16025.821 "
"44101.177 ","16024.689 "
"44124.647 ","16023.637 "
"44148.118 ","16022.765 "
"44171.588 ","16022.027 "
"44195.059 ","16021.446 "
"44218.529 ","16021.035 "
"44242.000 ","16020.682 "
"44265.470 ","16020.303 "
"44288.941 ","16019.769 "
"44312.412 ","16018.849 "
"44335.882 ","16017.492 "
"44359.353 ","16015.699 "
"44382.823 ","16013.356 "
"44406.294 ","16010.720 "
"44429.764 ","16008.012 "
"44453.235 ","16005.366 "
"44476.706 ","16002.914 "
"44500.176 ","16000.417 "
"44523.647 ","15997.115 "
"44547.117 ","15992.532 "
"44570.588 ","15986.488 "
"44594.058 ","15977.454 "
"44617.529 ","15965.349 "
"44640.999 ","15950.756 "
"44664.470 ","15933.886 "
"44687.941 ","15916.531 "
"44711.411 ","15900.333 "
"44734.882 ","15886.299 "
"44758.352 ","15876.118 "
"44781.823 ","15869.633 "
"44805.293 ","15865.959 "
"44828.764 ","15864.637 "
"44852.234 ","15864.042 "
"44875.705 ","15863.006 "
"44899.176 ","15861.080 "
"44922.646 ","15858.303 "
"44946.117 ","15854.477 "
"44969.587 ","15848.612 "
"44993.058 ","15838.122 "
"45016.528 ","15820.011 "
"45039.999 ","15793.766 "
"45063.469 ","15760.763 "
"45086.940 ","15717.464 "
"45110.411 ","15663.442 "
"45133.881 ","15604.475 "
"45157.352 ","15544.421 "
"45180.822 ","15482.794 "
"45204.293 ","15414.390 "
"45227.763 ","15342.808 "
"45251.234 ","15281.307 "
"45274.704 ","15235.249 "
"45298.175 ","15203.504 "
"45321.646 ","15189.065 "
"45345.116 ","15188.221 "
"45368.587 ","15192.405 "
"45392.057 ","15197.781 "
"45415.528 ","15202.824 "
"45438.998 ","15206.438 "
"45462.469 ","15208.595 "
"45485.939 ","15208.877 "
"45509.410 ","15206.611 "
"45532.881 ","15202.145 "
"45556.351 ","15195.991 "
"45579.822 ","15189.445 "
"45603.292 ","15183.896 "
"45626.763 ","15180.924 "
"45650.233 ","15182.405 "
"45673.704 ","15187.745 "
"45697.174 ","15194.775 "
"45720.645 ","15201.605 "
"45744.116 ","15206.393 "
"45767.586 ","15208.230 "
"45791.057 ","15207.382 "
"45814.527 ","15205.081 "
"45837.998 ","15202.646 "
"45861.468 ","15200.853 "
"45884.939 ","15199.989 "
"45908.409 ","15199.900 "
"45931.880 ","15200.137 "
"45955.351 ","15199.563 "
"45978.821 ","15197.699 "
"46002.292 ","15195.526 "
"46025.762 ","15193.799 "
"46049.233 ","15192.820 "
"46072.703 ","15193.052 "
"46096.174 ","15194.844 "
"46119.644 ","15197.601 "
"46143.115 ","15200.152 "
"46166.586 ","15201.877 "
"46190.056 ","15202.551 "
"46213.527 ","15202.333 "
"46236.997 ","15201.634 "
"46260.468 ","15201.051 "
"46283.938 ","15201.706 "
"46307.409 ","15204.091 "
"46330.880 ","15208.032 "
"46354.350 ","15213.775 "
"46377.821 ","15221.639 "
"46401.291 ","15230.730 "
"46424.762 ","15240.013 "
"46448.232 ","15248.722 "
"46471.703 ","15255.572 "
"46495.173 ","15257.422 "
"46518.644 ","15252.751 "
"46542.115 ","15241.194 "
"46565.585 ","15221.780 "
"46589.056 ","15194.659 "
"46612.526 ","15162.623 "
"46635.997 ","15130.137 "
"46659.467 ","15100.891 "
"46682.938 ","15075.871 "
"46706.408 ","15055.383 "
"46729.879 ","15040.778 "
"46753.350 ","15031.944 "
"46776.820 ","15026.466 "
"46800.291 ","15022.276 "
"46823.761 ","15019.863 "
"46847.232 ","15019.377 "
"46870.702 ","15020.296 "
"46894.173 ","15021.965 "
"46917.643 ","15023.818 "
"46941.114 ","15025.388 "
"46964.585 ","15026.447 "
"46988.055 ","15027.264 "
"47011.526 ","15028.488 "
"47034.996 ","15030.254 "
"47058.467 ","15032.562 "
"47081.937 ","15035.507 "
"47105.408 ","15039.095 "
"47128.878 ","15043.045 "
"47152.349 ","15046.724 "
"47175.820 ","15049.602 "
"47199.290 ","15051.621 "
"47222.761 ","15052.864 "
"47246.231 ","15053.165 "
"47269.702 ","15052.379 "
"47293.172 ","15050.246 "
"47316.643 ","15046.957 "
"47340.113 ","15043.179 "
"47363.584 ","15039.135 "
"47387.055 ","15034.654 "
"47410.525 ","15029.524 "
"47433.996 ","15023.065 "
"47457.466 ","15014.584 "
"47480.937 ","15002.837 "
"47504.407 ","14985.799 "
"47527.878 ","14962.917 "
"47551.348 ","14936.519 "
"47574.819 ","14909.644 "
"47598.290 ","14884.758 "
"47621.760 ","14863.742 "
"47645.231 ","14847.470 "
"47668.701 ","14836.730 "
"47692.172 ","14830.962 "
"47715.642 ","14827.667 "
"47739.113 ","14825.118 "
"47762.583 ","14823.258 "
"47786.054 ","14822.196 "
"47809.525 ","14821.847 "
"47832.995 ","14821.829 "
"47856.466 ","14821.787 "
"47879.936 ","14821.484 "
"47903.407 ","14820.839 "
"47926.877 ","14819.558 "
"47950.348 ","14817.485 "
"47973.818 ","14814.930 "
"47997.289 ","14812.136 "
"48020.760 ","14809.322 "
"48044.230 ","14806.399 "
"48067.701 ","14803.340 "
"48091.171 ","14800.363 "
"48114.642 ","14797.412 "
"48138.112 ","14794.428 "
"48161.583 ","14791.310 "
"48185.054 ","14787.518 "
"48208.524 ","14782.025 "
"48231.995 ","14773.121 "
"48255.465 ","14758.898 "
"48278.936 ","14740.345 "
"48302.406 ","14719.815 "
"48325.877 ","14698.732 "
"48349.347 ","14679.040 "
"48372.818 ","14662.627 "
"48396.289 ","14650.700 "
"48419.759 ","14643.711 "
"48443.230 ","14639.620 "
"48466.700 ","14636.238 "
"48490.171 ","14633.503 "
"48513.641 ","14631.300 "
"48537.112 ","14629.416 "
"48560.582 ","14627.693 "
"48584.053 ","14626.034 "
"48607.524 ","14624.279 "
"48630.994 ","14622.526 "
"48654.465 ","14620.890 "
"48677.935 ","14619.239 "
"48701.406 ","14617.445 "
"48724.876 ","14615.707 "
"48748.347 ","14614.170 "
"48771.817 ","14612.540 "
"48795.288 ","14610.510 "
"48818.759 ","14608.031 "
"48842.229 ","14605.305 "
"48865.700 ","14602.444 "
"48889.170 ","14599.137 "
"48912.641 ","14594.246 "
"48936.111 ","14584.730 "
"48959.582 ","14568.849 "
"48983.052 ","14548.411 "
"49006.523 ","14525.661 "
"49029.994 ","14502.532 "
"49053.464 ","14481.172 "
"49076.935 ","14463.678 "
"49100.405 ","14452.375 "
"49123.876 ","14446.867 "
"49147.346 ","14443.671 "
"49170.817 ","14440.913 "
"49194.287 ","14438.512 "
"49217.758 ","14436.450 "
"49241.229 ","14434.899 "
"49264.699 ","14433.881 "
"49288.170 ","14433.280 "
"49311.640 ","14433.106 "
"49335.111 ","14433.327 "
"49358.581 ","14433.846 "
"49382.052 ","14434.483 "
"49405.522 ","14434.950 "
"49428.993 ","14434.978 "
"49452.464 ","14434.196 "
"49475.934 ","14432.470 "
"49499.405 ","14429.883 "
"49522.875 ","14425.592 "
"49546.346 ","14416.336 "
"49569.816 ","14399.868 "
"49593.287 ","14377.626 "
"49616.757 ","14352.268 "
"49640.228 ","14325.581 "
"49663.699 ","14299.126 "
"49687.169 ","14275.385 "
"49710.640 ","14257.116 "
"49734.110 ","14244.284 "
"49757.581 ","14233.824 "
"49781.051 ","14223.740 "
"49804.522 ","14213.880 "
"49827.992 ","14204.353 "
"49851.463 ","14194.710 "
"49874.934 ","14184.031 "
"49898.404 ","14170.906 "
"49921.875 ","14153.633 "
"49945.345 ","14132.829 "
"49968.816 ","14110.676 "
"49992.286 ","14088.928 "
"50015.757 ","14069.561 "
"50039.228 ","14054.263 "
"50062.698 ","14044.021 "
"50086.169 ","14038.511 "
"50109.639 ","14032.883 "
"50133.110 ","14019.901 "
"50156.580 ","13999.299 "
"50180.051 ","13974.968 "
"50203.521 ","13949.959 "
"50226.992 ","13926.938 "
"50250.463 ","13907.907 "
"50273.933 ","13895.453 "
"50297.404 ","13891.975 "
"50320.874 ","13895.552 "
"50344.345 ","13905.314 "
"50367.815 ","13920.855 "
"50391.286 ","13939.378 "
"50414.756 ","13959.595 "
"50438.227 ","13979.528 "
"50461.698 ","13997.475 "
"50485.168 ","14011.594 "
"50508.639 ","14019.442 "
"50532.109 ","14023.035 "
"50555.580 ","14026.336 "
"50579.050 ","14029.926 "
"50602.521 ","14033.633 "
"50625.991 ","14037.071 "
"50649.462 ","14039.924 "
"50672.933 ","14042.212 "
"50696.403 ","14043.850 "
"50719.874 ","14045.309 "
"50743.344 ","14047.038 "
"50766.815 ","14048.971 "
"50790.285 ","14051.080 "
"50813.756 ","14053.233 "
"50837.226 ","14055.342 "
"50860.697 ","14058.162 "
"50884.168 ","14061.634 "
"50907.638 ","14065.155 "
"50931.109 ","14067.934 "
"50954.579 ","14069.370 "
"50978.050 ","14069.661 "
"51001.520 ","14068.764 "
"51024.991 ","14066.534 "
"51048.461 ","14063.907 "
"51071.932 ","14062.072 "
"51095.403 ","14061.658 "
"51118.873 ","14062.522 "
"51142.344 ","14063.525 "
"51165.814 ","14064.177 "
"51189.285 ","14064.147 "
"51212.755 ","14063.379 "
"51236.226 ","14062.239 "
"51259.696 ","14061.143 "
"51283.167 ","14060.313 "
"51306.638 ","14059.890 "
"51330.108 ","14059.751 "
"51353.579 ","14059.631 "
"51377.049 ","14059.253 "
"51400.520 ","14058.375 "
"51423.990 ","14057.129 "
"51447.461 ","14055.957 "
"51470.931 ","14055.056 "
"51494.402 ","14054.508 "
"51517.873 ","14054.284 "
"51541.343 ","14054.267 "
"51564.814 ","14054.318 "
"51588.284 ","14054.125 "
"51611.755 ","14053.559 "
"51635.225 ","14052.439 "
"51658.696 ","14050.389 "
"51682.167 ","14047.010 "
"51705.637 ","14041.678 "
"51729.108 ","14034.037 "
"51752.578 ","14023.939 "
"51776.049 ","14010.779 "
"51799.519 ","13994.833 "
"51822.990 ","13976.598 "
"51846.460 ","13957.402 "
"51869.931 ","13939.296 "
"51893.402 ","13923.175 "
"51916.872 ","13909.703 "
"51940.343 ","13898.828 "
"51963.813 ","13890.013 "
"51987.284 ","13883.009 "
"52010.754 ","13876.878 "
"52034.225 ","13870.917 "
"52057.695 ","13864.393 "
"52081.166 ","13854.652 "
"52104.637 ","13840.344 "
"52128.107 ","13822.461 "
"52151.578 ","13802.532 "
"52175.048 ","13782.502 "
"52198.519 ","13763.749 "
"52221.989 ","13746.273 "
"52245.460 ","13716.846 "
"52268.930 ","13669.018 "
"52292.401 ","13606.082 "
"52315.872 ","13529.305 "
"52339.342 ","13447.804 "
"52362.813 ","13368.777 "
"52386.283 ","13299.118 "
"52409.754 ","13253.049 "
"52433.224 ","13227.580 "
"52456.695 ","13211.563 "
"52480.165 ","13203.947 "
"52503.636 ","13200.548 "
"52527.107 ","13201.354 "
"52550.577 ","13206.066 "
"52574.048 ","13212.607 "
"52597.518 ","13219.552 "
"52620.989 ","13226.430 "
"52644.459 ","13232.914 "
"52667.930 ","13238.752 "
"52691.400 ","13243.936 "
"52714.871 ","13248.377 "
"52738.342 ","13253.211 "
"52761.812 ","13258.703 "
"52785.283 ","13264.027 "
"52808.753 ","13268.679 "
"52832.224 ","13271.875 "
"52855.694 ","13273.417 "
"52879.165 ","13273.521 "
"52902.635 ","13271.821 "
"52926.106 ","13269.070 "
"52949.577 ","13266.598 "
"52973.047 ","13264.784 "
"52996.518 ","13263.770 "
"53019.988 ","13263.291 "
"53043.459 ","13263.555 "
"53066.929 ","13264.711 "
"53090.400 ","13266.898 "
"53113.870 ","13270.111 "
"53137.341 ","13273.923 "
"53160.812 ","13277.971 "
"53184.282 ","13281.605 "
"53207.753 ","13284.507 "
"53231.223 ","13286.698 "
"53254.694 ","13287.792 "
"53278.164 ","13287.618 "
"53301.635 ","13286.395 "
"53325.105 ","13284.234 "
"53348.576 ","13281.326 "
"53372.047 ","13277.736 "
"53395.517 ","13273.746 "
"53418.988 ","13269.753 "
"53442.458 ","13265.366 "
"53465.929 ","13260.255 "
"53489.399 ","13254.691 "
"53512.870 ","13248.771 "
"53536.341 ","13242.533 "
"53559.811 ","13232.689 "
"53583.282 ","13218.475 "
"53606.752 ","13203.315 "
"53630.223 ","13188.380 "
"53653.693 ","13174.497 "
"53677.164 ","13162.739 "
"53700.634 ","13153.687 "
"53724.105 ","13149.406 "
"53747.576 ","13148.085 "
"53771.046 ","13145.056 "
"53794.517 ","13137.553 "
"53817.987 ","13124.007 "
"53841.458 ","13105.242 "
"53864.928 ","13081.948 "
"53888.399 ","13055.016 "
"53911.869 ","13026.292 "
"53935.340 ","12998.345 "
"53958.811 ","12974.388 "
"53982.281 ","12955.508 "
"54005.752 ","12940.679 "
"54029.222 ","12929.775 "
"54052.693 ","12922.271 "
"54076.163 ","12916.221 "
"54099.634 ","12909.521 "
"54123.104 ","12899.390 "
"54146.575 ","12884.573 "
"54170.046 ","12866.549 "
"54193.516 ","12846.759 "
"54216.987 ","12827.098 "
"54240.457 ","12809.491 "
"54263.928 ","12795.127 "
"54287.398 ","12785.280 "
"54310.869 ","12779.220 "
"54334.339 ","12774.547 "
"54357.810 ","12770.478 "
"54381.281 ","12766.933 "
"54404.751 ","12763.734 "
"54428.222 ","12760.760 "
"54451.692 ","12757.438 "
"54475.163 ","12751.864 "
"54498.633 ","12742.473 "
"54522.104 ","12729.559 "
"54545.574 ","12713.679 "
"54569.045 ","12695.348 "
"54592.516 ","12675.835 "
"54615.986 ","12657.105 "
"54639.457 ","12641.367 "
"54662.927 ","12629.394 "
"54686.398 ","12619.194 "
"54709.868 ","12601.364 "
"54733.339 ","12574.094 "
"54756.809 ","12543.386 "
"54780.280 ","12510.374 "
"54803.751 ","12477.568 "
"54827.221 ","12444.863 "
"54850.692 ","12413.899 "
"54874.162 ","12392.661 "
"54897.633 ","12378.396 "
"54921.103 ","12364.669 "
"54944.574 ","12352.649 "
"54968.044 ","12342.993 "
"54991.515 ","12337.857 "
"55014.986 ","12335.879 "
"55038.456 ","12333.766 "
"55061.927 ","12330.756 "
"55085.397 ","12325.809 "
"55108.868 ","12318.249 "
"55132.338 ","12307.746 "
"55155.809 ","12295.058 "
"55179.279 ","12281.431 "
"55202.750 ","12267.783 "
"55226.221 ","12254.628 "
"55249.691 ","12242.367 "
"55273.162 ","12230.045 "
"55296.632 ","12215.100 "
"55320.103 ","12196.676 "
"55343.573 ","12174.623 "
"55367.044 ","12148.285 "
"55390.515 ","12118.283 "
"55413.985 ","12084.617 "
"55437.456 ","12048.070 "
"55460.926 ","12011.750 "
"55484.397 ","11977.221 "
"55507.867 ","11946.460 "
"55531.338 ","11922.446 "
"55554.808 ","11905.997 "
"55578.279 ","11896.947 "
"55601.750 ","11894.329 "
"55625.220 ","11895.290 "
"55648.691 ","11897.600 "
"55672.161 ","11900.194 "
"55695.632 ","11902.116 "
"55719.102 ","11902.812 "
"55742.573 ","11901.703 "
"55766.043 ","11898.039 "
"55789.514 ","11891.238 "
"55812.985 ","11881.222 "
"55836.455 ","11867.675 "
"55859.926 ","11851.146 "
"55883.396 ","11832.366 "
"55906.867 ","11810.018 "
"55930.337 ","11783.638 "
"55953.808 ","11754.136 "
"55977.278 ","11722.561 "
"56000.749 ","11691.000 "
"56024.220 ","11661.583 "
"56047.690 ","11636.604 "
"56071.161 ","11618.609 "
"56094.631 ","11607.432 "
"56118.102 ","11601.449 "
"56141.572 ","11598.976 "
"56165.043 ","11597.578 "
"56188.513 ","11595.738 "
"56211.984 ","11592.916 "
"56235.455 ","11589.241 "
"56258.925 ","11584.338 "
"56282.396 ","11573.073 "
"56305.866 ","11551.920 "
"56329.337 ","11524.120 "
"56352.807 ","11492.507 "
"56376.278 ","11459.443 "
"56399.748 ","11428.626 "
"56423.219 ","11403.263 "
"56446.690 ","11387.286 "
"56470.160 ","11379.162 "
"56493.631 ","11371.304 "
"56517.101 ","11358.804 "
"56540.572 ","11339.687 "
"56564.042 ","11314.066 "
"56587.513 ","11284.076 "
"56610.983 ","11253.472 "
"56634.454 ","11225.439 "
"56657.925 ","11202.440 "
"56681.395 ","11186.082 "
"56704.866 ","11175.639 "
"56728.336 ","11169.061 "
"56751.807 ","11164.578 "
"56775.277 ","11160.848 "
"56798.748 ","11157.997 "
"56822.218 ","11156.320 "
"56845.689 ","11155.568 "
"56869.160 ","11155.462 "
"56892.630 ","11154.553 "
"56916.101 ","11150.171 "
"56939.571 ","11139.638 "
"56963.042 ","11123.684 "
"56986.512 ","11105.230 "
"57009.983 ","11086.260 "
"57033.453 ","11068.617 "
"57056.924 ","11054.298 "
"57080.395 ","11044.609 "
"57103.865 ","11038.765 "
"57127.336 ","11032.931 "
"57150.806 ","11022.903 "
"57174.277 ","11008.436 "
"57197.747 ","10987.538 "
"57221.218 ","10960.132 "
"57244.689 ","10925.626 "
"57268.159 ","10889.477 "
"57291.630 ","10861.017 "
"57315.100 ","10837.560 "
"57338.571 ","10818.998 "
"57362.041 ","10807.415 "
"57385.512 ","10799.750 "
"57408.982 ","10793.446 "
"57432.453 ","10788.737 "
"57455.924 ","10785.400 "
"57479.394 ","10782.351 "
"57502.865 ","10778.732 "
"57526.335 ","10774.059 "
"57549.806 ","10766.443 "
"57573.276 ","10755.430 "
"57596.747 ","10740.439 "
"57620.217 ","10726.117 "
"57643.688 ","10709.772 "
"57667.159 ","10684.419 "
"57690.629 ","10654.742 "
"57714.100 ","10622.702 "
"57737.570 ","10590.158 "
"57761.041 ","10560.487 "
"57784.511 ","10536.341 "
"57807.982 ","10520.368 "
"57831.452 ","10511.811 "
"57854.923 ","10506.223 "
"57878.394 ","10500.524 "
"57901.864 ","10493.867 "
"57925.335 ","10485.456 "
"57948.805 ","10474.310 "
"57972.276 ","10462.523 "
"57995.746 ","10453.781 "
"58019.217 ","10446.888 "
"58042.687 ","10438.791 "
"58066.158 ","10430.390 "
"58089.629 ","10423.484 "
"58113.099 ","10416.595 "
"58136.570 ","10407.919 "
"58160.040 ","10397.338 "
"58183.511 ","10385.255 "
"58206.981 ","10372.053 "
"58230.452 ","10359.071 "
"58253.922 ","10346.731 "
"58277.393 ","10334.809 "
"58300.864 ","10323.047 "
"58324.334 ","10310.682 "
"58347.805 ","10297.623 "
"58371.275 ","10280.847 "
"58394.746 ","10260.498 "
"58418.216 ","10240.183 "
"58441.687 ","10221.683 "
"58465.157 ","10206.195 "
"58488.628 ","10192.824 "
"58512.099 ","10183.633 "
"58535.569 ","10174.946 "
"58559.040 ","10158.457 "
"58582.510 ","10134.817 "
"58605.981 ","10107.308 "
"58629.451 ","10077.774 "
"58652.922 ","10049.059 "
"58676.392 ","10023.709 "
"58699.863 ","10005.123 "
"58723.334 ","9992.142 "
"58746.804 ","9972.371 "
"58770.275 ","9940.728 "
"58793.745 ","9901.848 "
"58817.216 ","9857.284 "
"58840.686 ","9809.815 "
"58864.157 ","9763.930 "
"58887.627 ","9724.762 "
"58911.098 ","9697.389 "
"58934.569 ","9680.208 "
"58958.039 ","9668.355 "
"58981.510 ","9659.798 "
"59004.980 ","9652.777 "
"59028.451 ","9646.312 "
"59051.921 ","9640.034 "
"59075.392 ","9633.731 "
"59098.863 ","9625.225 "
"59122.333 ","9609.394 "
"59145.804 ","9586.125 "
"59169.274 ","9558.896 "
"59192.745 ","9529.308 "
"59216.215 ","9498.948 "
"59239.686 ","9470.155 "
"59263.156 ","9446.460 "
"59286.627 ","9429.939 "
"59310.098 ","9415.607 "
"59333.568 ","9397.686 "
"59357.039 ","9376.155 "
"59380.509 ","9352.264 "
"59403.980 ","9326.796 "
"59427.450 ","9300.152 "
"59450.921 ","9274.214 "
"59474.391 ","9251.870 "
"59497.862 ","9234.620 "
"59521.333 ","9221.536 "
"59544.803 ","9211.449 "
"59568.274 ","9203.683 "
"59591.744 ","9197.583 "
"59615.215 ","9192.196 "
"59638.685 ","9183.211 "
"59662.156 ","9167.497 "
"59685.626 ","9146.803 "
"59709.097 ","9123.125 "
"59732.568 ","9097.960 "
"59756.038 ","9072.973 "
"59779.509 ","9049.633 "
"59802.979 ","9031.163 "
"59826.450 ","9018.228 "
"59849.920 ","9007.613 "
"59873.391 ","8996.866 "
"59896.861 ","8984.118 "
"59920.332 ","8968.309 "
"59943.803 ","8949.801 "
"59967.273 ","8929.957 "
"59990.744 ","8909.647 "
"60014.214 ","8889.982 "
"60037.685 ","8872.487 "
"60061.155 ","8858.066 "
"60084.626 ","8845.767 "
"60108.096 ","8833.523 "
"60131.567 ","8819.228 "
"60155.038 ","8801.913 "
"60178.508 ","8781.930 "
"60201.979 ","8759.928 "
"60225.449 ","8732.915 "
"60248.920 ","8697.336 "
"60272.390 ","8655.230 "
"60295.861 ","8611.738 "
"60319.331 ","8571.026 "
"60342.802 ","8535.497 "
"60366.273 ","8507.180 "
"60389.743 ","8485.685 "
"60413.214 ","8469.126 "
"60436.684 ","8457.055 "
"60460.155 ","8447.090 "
"60483.625 ","8437.421 "
"60507.096 ","8429.369 "
"60530.566 ","8422.904 "
"60554.037 ","8417.534 "
"60577.508 ","8408.806 "
"60600.978 ","8390.309 "
"60624.449 ","8364.814 "
"60647.919 ","8337.967 "
"60671.390 ","8311.793 "
"60694.860 ","8288.763 "
"60718.331 ","8271.480 "
"60741.802 ","8260.201 "
"60765.272 ","8251.855 "
"60788.743 ","8243.459 "
"60812.213 ","8233.752 "
"60835.684 ","8223.379 "
"60859.154 ","8213.172 "
"60882.625 ","8203.107 "
"60906.095 ","8193.255 "
"60929.566 ","8184.070 "
"60953.037 ","8176.851 "
"60976.507 ","8173.782 "
"60999.978 ","8180.009 "
"61023.448 ","8194.317 "
"61046.919 ","8211.714 "
"61070.389 ","8228.015 "
"61093.860 ","8236.849 "
"61117.330 ","8232.155 "
"61140.801 ","8201.056 "
"61164.272 ","8134.117 "
"61187.742 ","8044.165 "
"61211.213 ","7949.043 "
"61234.683 ","7860.380 "
"61258.154 ","7788.004 "
"61281.624 ","7739.645 "
"61305.095 ","7719.742 "
"61328.565 ","7721.497 "
"61352.036 ","7731.939 "
"61375.507 ","7744.792 "
"61398.977 ","7761.197 "
"61422.448 ","7779.694 "
"61445.918 ","7798.490 "
"61469.389 ","7816.767 "
"61492.859 ","7832.078 "
"61516.330 ","7844.292 "
"61539.800 ","7853.264 "
"61563.271 ","7843.052 "
"61586.742 ","7784.090 "
"61610.212 ","7623.194 "
"61633.683 ","7427.687 "
"61657.153 ","7273.126 "
"61680.624 ","7119.822 "
"61704.094 ","7004.714 "
"61727.565 ","6995.863 "
"61751.035 ","7050.411 "
"61774.506 ","7102.981 "
"61797.977 ","7162.937 "
"61821.447 ","7220.984 "
"61844.918 ","7258.809 "
"61868.388 ","7277.424 "
"61891.859 ","7282.143 "
"61915.329 ","7280.636 "
"61938.800 ","7277.778 "
"61962.270 ","7285.431 "
"61985.741 ","7258.866 "
"62009.212 ","7187.572 "
"62032.682 ","7151.833 "
"62056.153 ","7149.337 "
"62079.623 ","7143.505 "
"62103.094 ","7135.882 "
"62126.564 ","7124.865 "
"62150.035 ","7107.857 "
"62173.505 ","7082.276 "
"62196.976 ","7047.248 "
"62220.447 ","7007.068 "
"62243.917 ","6967.786 "
"62267.388 ","6933.999 "
"62290.858 ","6911.303 "
"62314.329 ","6902.983 "
"62337.799 ","6910.629 "
"62361.270 ","6928.212 "
"62384.740 ","6947.808 "
"62408.211 ","6964.769 "
"62431.682 ","6997.025 "
"62455.152 ","6973.161 "
"62478.623 ","6845.746 "
"62502.093 ","6781.011 "
"62525.564 ","6793.269 "
"62549.034 ","6778.863 "
"62572.505 ","6766.130 "
"62595.976 ","6750.970 "
"62619.446 ","6739.466 "
"62642.917 ","6737.718 "
"62666.387 ","6748.310 "
"62689.858 ","6764.775 "
"62713.328 ","6781.443 "
"62736.799 ","6802.328 "
"62760.269 ",""
"62783.740 ",""
"62807.211 ",""
"62830.681 ",""
"62854.152 ",""
"62877.622 ",""
"62901.093 ",""
"62924.563 ",""
"62948.034 ",""
"62971.504 ",""
"62994.975 ",""
"63018.446 ",""
"63041.916 ",""
"63065.387 ",""
"63088.857 ",""
"63112.328 ",""
"63135.798 ",""
"63159.269 ",""
"63182.739 ",""
"63206.210 ",""
"63229.681 ",""
"63253.151 ",""
"63276.622 ",""
"63300.092 ",""
"63323.563 ",""
"63347.033 ",""
"63370.504 ",""
"63393.974 ",""
"63417.445 ",""
"63440.916 ",""
"63464.386 ",""
"63487.857 ","5399.540 "
"63511.327 ","5403.951 "
"63534.798 ","5408.275 "
"63558.268 ","5411.493 "
"63581.739 ","5412.277 "
"63605.209 ","5407.929 "
"63628.680 ","5386.410 "
"63652.151 ","5344.763 "
"63675.621 ","5292.929 "
"63699.092 ","5236.474 "
"63722.562 ","5181.126 "
"63746.033 ","5132.866 "
"63769.503 ","5096.937 "
"63792.974 ","5081.459 "
"63816.444 ","5081.429 "
"63839.915 ","5084.364 "
"63863.386 ","5088.310 "
"63886.856 ","5092.742 "
"63910.327 ","5096.709 "
"63933.797 ","5095.358 "
"63957.268 ","5080.412 "
"63980.738 ","5052.595 "
"64004.209 ","5016.663 "
"64027.679 ","4970.550 "
"64051.150 ","4913.886 "
"64074.621 ","4853.108 "
"64098.091 ","4797.462 "
"64121.562 ","4749.431 "
"64145.032 ","4701.692 "
"64168.503 ","4653.579 "
"64191.973 ","4612.479 "
"64215.444 ","4580.249 "
"64238.914 ","4553.412 "
"64262.385 ","4530.623 "
"64285.856 ","4513.357 "
"64309.326 ","4495.688 "
"64332.797 ","4472.313 "
"64356.267 ","4445.582 "
"64379.738 ","4417.844 "
"64403.208 ","4391.756 "
"64426.679 ","4369.772 "
"64450.150 ","4354.065 "
"64473.620 ","4342.571 "
"64497.091 ","4315.441 "
"64520.561 ","4266.109 "
"64544.032 ","4206.401 "
"64567.502 ","4142.082 "
"64590.973 ","4080.058 "
"64614.443 ","4026.681 "
"64637.914 ","3987.111 "
"64661.385 ","3963.710 "
"64684.855 ","3945.427 "
"64708.326 ","3922.820 "
"64731.796 ","3898.688 "
"64755.267 ","3875.819 "
"64778.737 ","3856.626 "
"64802.208 ","3840.356 "
"64825.678 ","3821.117 "
"64849.149 ","3795.939 "
"64872.620 ","3765.318 "
"64896.090 ","3728.683 "
"64919.561 ","3686.997 "
"64943.031 ","3642.860 "
"64966.502 ","3603.088 "
"64989.972 ","3574.519 "
"65013.443 ","3553.661 "
"65036.913 ","3535.433 "
"65060.384 ","3518.724 "
"65083.855 ","3498.971 "
"65107.325 ","3475.185 "
"65130.796 ","3448.586 "
"65154.266 ","3419.832 "
"65177.737 ","3388.478 "
"65201.207 ","3352.780 "
"65224.678 ","3317.829 "
"65248.148 ","3288.466 "
"65271.619 ","3259.897 "
"65295.090 ","3222.478 "
"65318.560 ","3177.889 "
"65342.031 ","3136.115 "
"65365.501 ","3101.280 "
"65388.972 ","3071.383 "
"65412.442 ","3045.398 "
"65435.913 ","3024.228 "
"65459.383 ","3007.131 "
"65482.854 ","2986.884 "
"65506.325 ","2957.390 "
"65529.795 ","2919.537 "
"65553.266 ","2872.811 "
"65576.736 ","2821.257 "
"65600.207 ","2773.931 "
"65623.677 ","2737.457 "
"65647.148 ","2712.611 "
"65670.618 ","2697.048 "
"65694.089 ","2689.554 "
"65717.560 ","2685.767 "
"65741.030 ","2670.836 "
"65764.501 ","2632.518 "
"65787.971 ","2576.122 "
"65811.442 ","2511.301 "
"65834.912 ","2445.512 "
"65858.383 ","2386.127 "
"65881.853 ","2340.291 "
"65905.324 ","2310.751 "
"65928.795 ","2279.834 "
"65952.265 ","2231.129 "
"65975.736 ","2168.347 "
"65999.206 ","2097.653 "
"66022.677 ","2024.909 "
"66046.147 ","1957.834 "
"66069.618 ","1905.279 "
"66093.088 ","1876.534 "
"66116.559 ","1863.901 "
"66140.030 ","1848.949 "
"66163.500 ","1825.606 "
"66186.971 ","1795.329 "
"66210.441 ","1759.742 "
"66233.912 ","1718.754 "
"66257.382 ","1673.509 "
"66280.853 ","1626.427 "
"66304.324 ","1581.821 "
"66327.794 ","1542.449 "
"66351.265 ","1507.343 "
"66374.735 ","1473.765 "
"66398.206 ","1439.381 "
"66421.676 ","1401.467 "
"66445.147 ","1348.854 "
"66468.617 ","1272.522 "
"66492.088 ","1164.843 "
"66515.559 ","1062.250 "
"66539.029 ","983.254 "
"66562.500 ","928.084 "
"66585.970 ","900.416 "
"66609.441 ","878.798 "
"66632.911 ","863.392 "
"66656.382 ","859.258 "
"66679.852 ","866.383 "
"66703.323 ","876.554 "
"66726.794 ","886.405 "
"66750.264 ","894.952 "
"66773.735 ","899.255 "
"66797.205 ","901.602 "
"66820.676 ","901.991 "
"66844.146 ","901.515 "
"66867.617 ","905.930 "
"66891.087 ","912.882 "
"66914.558 ","916.948 "
"66938.029 ","915.579 "
"66961.499 ","906.238 "
"66984.970 ","890.827 "
"67008.440 ","872.893 "
"67031.911 ","856.037 "
"67055.381 ","840.023 "
"67078.852 ",""
"67102.322 ",""
"67125.793 ",""
"67149.264 ",""
"67172.734 ",""
"67196.205 ",""
"67219.675 ",""
"67243.146 ",""
"67266.616 ",""
"67290.087 ",""
"67313.557 ",""
"67337.028 ",""
"67360.499 ",""
"67383.969 ",""
"67407.440 ",""
"67430.910 ",""
"67454.381 ",""
"67477.851 ",""
"67501.322 ",""
"67524.792 ",""
"67548.263 ",""
"67571.734 ",""
"67595.204 ",""
"67618.675 ",""
"67642.145 ",""
"67665.616 ",""
"67689.086 ",""
"67712.557 ",""
"67736.027 ",""
"67759.498 ",""
"67782.969 ",""
"67806.439 ",""
"67829.910 ",""
"67853.380 ",""
"67876.851 ",""
"67900.321 ",""
"67923.792 ",""
"67947.262 ",""
"67970.733 ",""
"67994.204 ",""
"68017.674 ",""
"68041.145 ","518.395 "
"68064.615 ","515.281 "
"68088.086 ","513.015 "
"68111.556 ","510.858 "
"68135.027 ","507.903 "
"68158.498 ",""
"68181.968 ",""
"68205.439 ",""
"68228.909 ",""
"68252.380 ",""
"68275.850 ",""
"68299.321 ",""
"68322.791 ",""
"68346.262 ",""
"68369.733 ",""
"68393.203 ",""
"68416.674 ",""
"68440.144 ",""
"68463.615 ",""
"68487.085 ",""
"68510.556 ",""
"68534.026 ",""
"68557.497 ",""
"68580.968 ",""
"68604.438 ",""
"68627.909 ",""
"68651.379 ",""
"68674.850 ",""
"68698.320 ",""
"68721.791 ",""
"68745.261 ",""
"68768.732 ",""
"68792.203 ",""
"68815.673 ",""
"68839.144 ",""
"68862.614 ",""
"68886.085 ",""
"68909.555 ",""
"68933.026 ",""
"68956.496 ",""
"68979.967 ","530.632 "
"69003.438 ","531.070 "
"69026.908 ",""
"69050.379 ",""
"69073.849 ",""
"69097.320 ",""
"69120.790 ",""
"69144.261 ",""
"69167.731 ",""
"69191.202 ",""
"69214.673 ",""
"69238.143 ",""
"69261.614 ",""
"69285.084 ",""
"69308.555 ",""
"69332.025 ",""
"69355.496 ",""
"69378.966 ",""
"69402.437 ",""
"69425.908 ",""
"69449.378 ",""
"69472.849 ",""
"69496.319 ",""
"69519.790 ",""
"69543.260 ",""
"69566.731 ",""
"69590.201 ",""
"69613.672 ",""
"69637.143 ",""
"69660.613 ",""
"69684.084 ",""
"69707.554 ",""
"69731.025 ",""
"69754.495 ",""
"69777.966 ",""
"69801.436 ",""
"69824.907 ",""
"69848.378 ",""
"69871.848 ",""
"69895.319 ",""
"69918.789 ",""
"69942.260 ",""
"69965.730 ",""
"69989.201 ",""
"70012.672 ",""
"70036.142 ",""
"70059.613 ",""
"70083.083 ",""
"70106.554 ",""
"70130.024 ",""
"70153.495 ",""
"70176.965 ",""
"70200.436 ",""
"70223.907 ",""
"70247.377 ",""
"70270.848 ",""
"70294.318 ",""
"70317.789 ",""
"70341.259 ",""
"70364.730 ",""
"70388.200 ",""
"70411.671 ",""
"70435.142 ",""
"70458.612 ",""
"70482.083 ",""
"70505.553 ",""
"70529.024 ",""
"70552.494 ",""
"70575.965 ",""
"70599.435 ",""
"70622.906 ",""
"70646.377 ",""
"70669.847 ",""
"70693.318 ",""
"70716.788 ",""
"70740.259 ",""
"70763.729 ",""
"70787.200 ",""
"70810.670 ",""
"70834.141 ",""
"70857.612 ",""
"70881.082 ",""
"70904.553 ",""
"70928.023 ",""
"70951.494 ",""
"70974.964 ",""
"70998.435 ",""
"71021.905 ",""
"71045.376 ",""
"71068.847 ",""
"71092.317 ",""
"71115.788 ",""
"71139.258 ",""
"71162.729 ",""
"71186.199 ",""
"71209.670 ",""
"71233.140 ",""
"71256.611 ",""
"71280.082 ",""
"71303.552 ",""
"71327.023 ",""
"71350.493 ",""
"71373.964 ",""
"71397.434 ",""
"71420.905 ",""
"71444.375 ",""
"71467.846 ",""
"71491.317 ",""
"71514.787 ",""
"71538.258 ",""
"71561.728 ",""
"71585.199 ",""
"71608.669 ",""
"71632.140 ",""
"71655.611 ",""
"71679.081 ",""
"71702.552 ",""
"71726.022 ",""
"71749.493 ",""
"71772.963 ",""
"71796.434 ",""
"71819.904 ",""
"71843.375 ",""
"71866.846 ",""
"71890.316 ",""
"71913.787 ",""
"71937.257 ",""
"71960.728 ",""
"71984.198 ",""
"72007.669 ",""
"72031.139 ",""
"72054.610 ",""
"72078.081 ",""
"72101.551 ",""
"72125.022 ",""
"72148.492 ",""
"72171.963 ",""
"72195.433 ",""
"72218.904 ",""
"72242.374 ",""
"72265.845 ",""
"72289.316 ",""
"72312.786 ",""
"72336.257 ",""
"72359.727 ",""
"72383.198 ",""
"72406.668 ",""
"72430.139 ",""
"72453.609 ",""
"72477.080 ",""
"72500.551 ",""
"72524.021 ",""
"72547.492 ",""
"72570.962 ",""
"72594.433 ",""
"72617.903 ",""
"72641.374 ",""
"72664.844 ",""
"72688.315 ",""
"72711.786 ",""
"72735.256 ",""
"72758.727 ",""
"72782.197 ",""
"72805.668 ",""
"72829.138 ",""
"72852.609 ",""
"72876.079 ",""
"72899.550 ",""
"72923.021 ",""
"72946.491 ",""
"72969.962 ",""
"72993.432 ",""
"73016.903 ","490.548 "
"73040.373 ","490.535 "
"73063.844 ",""
"73087.314 ",""
"73110.785 ",""
"73134.256 ",""
"73157.726 ",""
"73181.197 ",""
"73204.667 ",""
"73228.138 ",""
"73251.608 ",""
"73275.079 ",""
"73298.549 ",""
"73322.020 ",""
"73345.491 ",""
"73368.961 ",""
"73392.432 ",""
"73415.902 ",""
"73439.373 ",""
"73462.843 ",""
"73486.314 ",""
"73509.785 ",""
"73533.255 ",""
"73556.726 ",""
"73580.196 ",""
"73603.667 ",""
"73627.137 ",""
"73650.608 ",""
"73674.078 ",""
"73697.549 ",""
"73721.020 ",""
"73744.490 ",""
"73767.961 ",""
"73791.431 ",""
"73814.902 ",""
"73838.372 ",""
"73861.843 ",""
"73885.313 ",""
"73908.784 ",""
"73932.255 ",""
"73955.725 ",""
"73979.196 ",""
"74002.666 ",""
"74026.137 ",""
"74049.607 ",""
"74073.078 ",""
"74096.548 ",""
"74120.019 ",""
"74143.490 ",""
"74166.960 ",""
"74190.431 ",""
"74213.901 ",""
"74237.372 ",""
"74260.842 ",""
"74284.313 ",""
"74307.783 ",""
"74331.254 ",""
"74354.725 ",""
"74378.195 ",""
"74401.666 ",""
"74425.136 ",""
"74448.607 ",""
"74472.077 ",""
"74495.548 ",""
"74519.018 ",""
"74542.489 ",""
"74565.960 ",""
"74589.430 ",""
"74612.901 ",""
"74636.371 ",""
"74659.842 ",""
"74683.312 ",""
"74706.783 ",""
"74730.253 ",""
"74753.724 ",""
"74777.195 ",""
"74800.665 ",""
"74824.136 ",""
"74847.606 ",""
"74871.077 ",""
"74894.547 ",""
"74918.018 ",""
"74941.488 ",""
"74964.959 ",""
"74988.430 ",""
"75011.900 ",""
"75035.371 ",""
"75058.841 ",""
"75082.312 ",""
"75105.782 ",""
"75129.253 ",""
"75152.723 ",""
"75176.194 ",""
"75199.665 ",""
"75223.135 ",""
"75246.606 ",""
"75270.076 ",""
"75293.547 ",""
"75317.017 ",""
"75340.488 ",""
"75363.959 ",""
"75387.429 ",""
"75410.900 ",""
"75434.370 ",""
"75457.841 ",""
"75481.311 ",""
"75504.782 ",""
"75528.252 ",""
"75551.723 ",""
"75575.194 ",""
"75598.664 ",""
"75622.135 ",""
"75645.605 ",""
"75669.076 ",""
"75692.546 ",""
"75716.017 ",""
"75739.487 ",""
"75762.958 ",""
"75786.429 ",""
"75809.899 ",""
"75833.370 ",""
"75856.840 ",""
"75880.311 ",""
"75903.781 ",""
"75927.252 ",""
"75950.722 ",""
"75974.193 ",""
"75997.664 ",""
"76021.134 ",""
"76044.605 ",""
"76068.075 ",""
"76091.546 ",""
"76115.016 ",""
"76138.487 ",""
"76161.957 ",""
"76185.428 ",""
"76208.899 ",""
"76232.369 ","547.059 "
"76255.840 ","546.656 "
"76279.310 ","546.253 "
"76302.781 ",""
"76326.251 ",""
"76349.722 ",""
"76373.192 ",""
"76396.663 ",""
"76420.134 ","547.096 "
